600000 浦发银行 日线 前复权
      日期	    开盘	    最高	    最低	    收盘	    成交量	    成交额
2010/01/04	10.44	10.46	10.04	10.06	66191338	1419984128.00
2010/01/05	10.19	10.29	9.82	10.15	115147943	2436890880.00
2010/01/06	10.12	10.12	9.88	9.91	96782575	2034174080.00
2010/01/07	9.88	9.97	9.53	9.63	85236072	1761800960.00
2010/01/08	9.56	9.83	9.53	9.76	65707646	1349532416.00
2010/01/11	10.30	10.42	9.69	9.76	116304812	2456818944.00
2010/01/12	9.73	9.93	9.51	9.83	82351139	1691919872.00
2010/01/13	9.50	9.56	9.24	9.25	146399684	2930936832.00
2010/01/14	9.28	9.37	9.14	9.34	77340771	1535655424.00
2010/01/15	9.37	9.50	9.19	9.38	69183668	1384564608.00
2010/01/18	9.30	9.53	9.28	9.50	69940218	1408342656.00
2010/01/19	9.50	9.70	9.48	9.56	69966139	1428370688.00
2010/01/20	9.60	9.67	9.12	9.23	80776510	1612704768.00
2010/01/21	9.28	9.69	9.21	9.63	93418186	1888959488.00
2010/01/22	9.47	10.01	9.36	9.89	154445976	3188523776.00
2010/01/25	9.69	9.94	9.60	9.63	80232725	1658596992.00
2010/01/26	9.65	9.89	9.46	9.76	91936559	1885519232.00
2010/01/27	9.75	9.83	9.23	9.27	94264363	1898605056.00
2010/01/28	9.23	9.27	8.99	9.18	58691704	1152620160.00
2010/01/29	9.12	9.38	9.05	9.13	53690104	1062334272.00
2010/02/01	9.13	9.13	8.76	8.89	51669420	994322880.00
2010/02/02	8.96	9.18	8.86	8.91	48969591	951736960.00
2010/02/03	8.95	9.31	8.77	9.29	76493075	1499985408.00
2010/02/04	9.12	9.29	9.12	9.15	46162099	909308992.00
2010/02/05	8.88	9.17	8.86	9.01	43895954	850183296.00
2010/02/08	9.03	9.06	8.81	8.89	37230982	716731648.00
2010/02/09	8.88	9.05	8.86	9.01	26496190	513741760.00
2010/02/10	9.11	9.21	9.06	9.17	30709495	602686016.00
2010/02/11	9.17	9.24	9.11	9.14	27375492	538434176.00
2010/02/12	9.20	9.28	9.15	9.24	29682512	587217280.00
2010/02/22	9.20	9.27	9.11	9.17	33430729	659002496.00
2010/02/23	9.15	9.15	8.91	9.05	30570947	593524992.00
2010/02/24	8.97	9.17	8.91	9.15	38978358	758532864.00
2010/02/25	9.21	9.83	9.21	9.79	194475975	3998875392.00
2010/03/11	9.95	10.42	9.89	10.12	230271759	4943091200.00
2010/03/12	10.14	10.25	9.96	9.97	74911752	1595763968.00
2010/03/15	9.95	10.04	9.70	9.76	58127318	1208927232.00
2010/03/16	9.73	10.07	9.66	10.06	56343015	1176059904.00
2010/03/17	10.08	10.39	9.92	10.34	90740415	1945888256.00
2010/03/18	10.34	10.66	10.27	10.36	88983821	1948256896.00
2010/03/19	10.43	10.56	10.24	10.42	44756709	974278016.00
2010/03/22	10.45	10.75	10.45	10.66	96636042	2147457152.00
2010/03/23	10.69	10.79	10.47	10.54	62566261	1386852352.00
2010/03/24	10.57	10.77	10.54	10.56	51092919	1134210304.00
2010/03/25	10.52	10.52	10.22	10.31	52512296	1139337600.00
2010/03/26	10.25	10.84	10.25	10.69	82497766	1834668544.00
2010/03/29	10.81	11.20	10.72	11.12	139499328	3200058624.00
2010/03/31	11.17	11.18	10.95	11.00	54201365	1237976704.00
2010/04/01	10.99	11.20	10.92	11.04	58179154	1330514432.00
2010/04/02	11.05	11.19	11.01	11.08	40777535	934433152.00
2010/04/06	11.16	11.36	11.08	11.12	53809591	1243971968.00
2010/04/07	11.13	11.18	10.86	11.00	50601633	1150564480.00
2010/04/08	10.83	11.11	10.83	10.88	46876305	1063340608.00
2010/04/09	10.89	11.14	10.89	11.10	38392741	876658048.00
2010/04/12	11.13	11.16	10.66	10.79	57895624	1306221440.00
2010/04/13	10.78	11.20	10.69	11.15	84063856	1920139776.00
2010/04/14	11.20	11.20	10.99	11.06	38865502	889428480.00
2010/04/15	11.11	11.12	10.83	10.99	42311790	961485312.00
2010/04/16	10.94	10.94	10.55	10.57	54964770	1223884928.00
2010/04/19	10.36	10.36	9.65	9.69	123269959	2578443264.00
2010/04/20	9.68	9.77	9.36	9.68	63866293	1299015808.00
2010/04/21	9.63	9.88	9.53	9.86	55737608	1148974976.00
2010/04/22	9.76	9.76	9.40	9.47	69600677	1410303104.00
2010/04/23	9.47	9.86	9.33	9.59	83772876	1704941952.00
2010/04/26	9.60	9.82	9.49	9.63	46179483	949350080.00
2010/04/27	9.51	9.57	9.23	9.42	57834285	1160690560.00
2010/04/29	9.50	9.71	9.45	9.47	54096309	1103099392.00
2010/04/30	9.53	9.73	9.45	9.70	52265741	1070286784.00
2010/05/04	9.49	9.69	9.30	9.47	46170463	933963136.00
2010/05/05	9.33	9.56	9.16	9.54	54733838	1092883200.00
2010/05/06	9.41	9.41	8.76	8.79	74669511	1455622784.00
2010/05/07	8.56	8.81	8.44	8.50	61558279	1154038784.00
2010/05/10	8.60	8.85	8.47	8.75	45360001	855166080.00
2010/05/11	9.02	9.07	8.47	8.62	59396296	1134347392.00
2010/05/12	8.45	8.91	8.43	8.88	81130496	1535265024.00
2010/05/13	8.82	9.33	8.76	9.18	78035578	1526868736.00
2010/05/14	9.07	9.14	8.90	9.00	38321249	744352320.00
2010/05/17	8.86	8.86	8.53	8.56	43804793	822883392.00
2010/05/18	8.60	9.06	8.60	8.97	62168559	1190275840.00
2010/05/19	8.86	9.16	8.76	8.92	40046627	774847552.00
2010/05/20	8.82	9.03	8.64	8.71	38877427	740314176.00
2010/05/21	8.46	8.94	8.41	8.90	40777827	771270528.00
2010/05/24	8.99	9.36	8.99	9.20	61911238	1221387648.00
2010/05/25	9.12	9.15	8.76	8.85	52506336	1010824704.00
2010/05/26	8.89	8.99	8.73	8.83	25592461	489097248.00
2010/05/27	8.81	8.95	8.65	8.95	31281232	598110784.00
2010/05/28	9.07	9.12	8.78	8.84	32337600	623966144.00
2010/05/31	8.70	8.83	8.47	8.49	51779891	972373568.00
2010/06/01	8.45	8.60	8.35	8.42	41838832	771511552.00
2010/06/02	8.40	8.46	8.21	8.41	31485389	575726784.00
2010/06/03	8.46	8.53	8.27	8.29	41470018	761913856.00
2010/06/04	8.25	8.34	8.20	8.27	28804637	522316736.00
2010/06/07	8.11	8.20	7.93	7.96	47409887	842961728.00
2010/06/08	7.99	8.06	7.69	7.82	40051743	701941312.00
2010/06/09	7.87	8.49	7.68	8.47	93220918	1677856512.00
2010/06/10	8.15	8.38	8.12	8.15	52437769	725462720.00
2010/06/11	8.20	8.51	8.16	8.24	63179327	880845056.00
2010/06/17	8.31	8.48	8.20	8.26	47895735	667865280.00
2010/06/18	8.27	8.53	8.21	8.30	65781891	922043264.00
2010/06/21	8.38	8.87	8.26	8.75	98921549	1418075392.00
2010/06/22	8.70	8.89	8.66	8.76	43036535	623676480.00
2010/06/23	8.69	8.79	8.45	8.57	39150500	558300864.00
2010/06/24	8.54	8.76	8.41	8.64	34387096	492785952.00
2010/06/25	8.57	8.75	8.53	8.69	32535651	467122592.00
2010/06/28	8.69	8.88	8.55	8.71	48930056	708587776.00
2010/06/29	8.73	8.76	8.18	8.19	65494721	921508608.00
2010/06/30	8.14	8.27	8.01	8.07	34558958	473254400.00
2010/07/01	8.04	8.23	7.98	7.99	32989253	448251008.00
2010/07/02	8.03	8.13	7.72	8.13	44785293	602308800.00
2010/07/05	7.96	8.19	7.77	8.02	35989580	485101376.00
2010/07/06	8.03	8.26	7.96	8.25	50169905	685881920.00
2010/07/07	8.18	8.25	8.07	8.19	33977340	465516544.00
2010/07/08	8.29	8.43	8.17	8.22	45101784	626025792.00
2010/07/09	8.23	8.76	8.14	8.56	76856389	1085618816.00
2010/07/12	8.56	8.89	8.49	8.71	58299174	841572608.00
2010/07/13	8.54	8.66	8.43	8.51	44913760	636641728.00
2010/07/14	8.55	8.87	8.55	8.69	60363343	871449984.00
2010/07/15	8.69	8.86	8.43	8.46	47460309	678620864.00
2010/07/16	8.38	8.56	8.30	8.49	40892325	573948224.00
2010/07/19	8.43	8.86	8.36	8.79	65708689	947603776.00
2010/07/20	8.83	9.12	8.76	8.88	79072757	1165343104.00
2010/07/21	8.90	8.94	8.77	8.88	44902488	656426752.00
2010/07/22	8.83	9.03	8.76	8.99	56509381	833413440.00
2010/07/23	8.99	9.26	8.94	9.09	76799211	1145633792.00
2010/07/26	9.09	9.15	8.96	9.06	40369550	599720832.00
2010/07/27	9.00	9.00	8.81	8.85	52103320	763432000.00
2010/07/28	8.92	9.26	8.83	9.20	85532236	1277292928.00
2010/07/29	9.23	9.32	9.09	9.21	69649439	1049605504.00
2010/07/30	9.15	9.19	9.04	9.13	33083139	494243456.00
2010/08/02	9.08	9.38	9.05	9.38	65421012	992064192.00
2010/08/03	9.39	9.41	9.07	9.08	62854668	950090560.00
2010/08/04	9.07	9.09	8.79	8.99	75269997	1107946624.00
2010/08/05	8.96	8.96	8.70	8.79	64461099	939332416.00
2010/08/06	8.76	8.95	8.61	8.91	63904291	927585920.00
2010/08/09	8.88	8.99	8.76	8.84	65817780	961880768.00
2010/08/10	8.86	8.91	8.40	8.43	70934886	1019389632.00
2010/08/11	8.42	8.60	8.39	8.47	40185978	567503552.00
2010/08/12	8.36	8.47	8.24	8.29	52092833	725912640.00
2010/08/13	8.33	8.39	8.15	8.37	65122982	902877120.00
2010/08/16	8.31	8.67	8.26	8.61	70298086	995317248.00
2010/08/17	8.62	8.74	8.52	8.69	58280094	834705792.00
2010/08/18	8.70	8.83	8.57	8.61	72467574	1043450944.00
2010/08/19	8.61	8.81	8.48	8.73	88905564	1278554880.00
2010/08/20	8.61	8.80	8.50	8.53	62482199	896280064.00
2010/08/23	8.53	8.83	8.53	8.64	57525198	829524096.00
2010/08/24	8.63	8.79	8.49	8.67	48256463	694908864.00
2010/08/25	8.60	8.63	8.36	8.40	49499195	699447232.00
2010/08/26	8.50	8.53	8.33	8.36	29704170	416241568.00
2010/08/27	8.37	8.48	8.29	8.36	35648958	498344608.00
2010/08/30	8.43	8.53	8.36	8.46	52065218	733619328.00
2010/08/31	8.41	8.48	8.32	8.37	51313006	718625408.00
2010/09/01	8.43	8.64	8.22	8.37	90479283	1270601472.00
2010/09/02	8.59	8.59	8.34	8.43	67694138	952725696.00
2010/09/03	8.43	8.43	8.25	8.34	61894269	860281600.00
2010/09/06	8.39	8.58	8.29	8.56	104581943	1478452480.00
2010/09/07	8.57	8.64	8.42	8.50	58235840	825884800.00
2010/09/08	8.42	8.43	8.23	8.29	86168491	1196825856.00
2010/09/09	8.29	8.30	7.96	8.03	111465647	1518435840.00
2010/09/10	8.03	8.08	7.84	8.00	53410553	718666816.00
2010/09/13	7.96	8.11	7.84	7.99	72412342	973891200.00
2010/09/14	8.06	8.13	7.93	7.99	61653853	837069888.00
2010/09/15	8.02	8.02	7.84	7.86	44861148	598976960.00
2010/09/16	7.84	7.84	7.53	7.63	73439103	962141568.00
2010/09/17	7.68	7.71	7.53	7.58	43280633	561810752.00
2010/09/21	7.61	7.69	7.51	7.56	33671474	435800768.00
2010/09/27	7.61	7.63	7.53	7.56	43203690	558528384.00
2010/09/28	7.55	7.55	7.28	7.29	63988129	812414080.00
2010/09/29	6.99	7.37	6.93	7.22	79916494	997197184.00
2010/09/30	7.13	7.60	7.09	7.58	76420556	979547200.00
2010/10/08	7.68	7.97	7.50	7.89	99243331	1315643008.00
2010/10/11	7.89	8.42	7.89	8.29	168240264	2318100736.00
2010/10/12	8.25	8.36	8.15	8.35	108929191	1510045056.00
2010/10/13	8.36	8.76	8.29	8.72	211717370	3007557120.00
2010/10/14	8.77	9.15	8.64	8.68	219500516	3224286976.00
2010/10/15	8.63	9.37	8.60	9.34	282011075	4209289472.00
2010/10/18	9.61	9.88	9.31	9.42	267097716	4152881152.00
2010/10/19	9.42	9.46	9.15	9.43	144202185	2190463488.00
2010/10/20	9.33	9.73	9.23	9.36	185767858	2865243904.00
2010/10/21	9.36	9.37	8.80	8.91	150426073	2232984832.00
2010/10/22	8.87	8.95	8.67	8.80	109896506	1596056448.00
2010/10/25	8.83	9.11	8.56	8.93	143474639	2098193280.00
2010/10/26	8.96	9.13	8.69	8.86	107789175	1582273792.00
2010/10/27	8.81	9.13	8.68	8.71	121544448	1780283776.00
2010/10/28	8.71	8.92	8.59	8.82	99319456	1438269056.00
2010/10/29	8.90	8.90	8.61	8.75	97225797	1407668608.00
2010/11/01	8.77	8.95	8.74	8.88	116241177	1695574784.00
2010/11/02	8.88	8.98	8.59	8.76	137575640	1996966912.00
2010/11/03	8.76	9.13	8.66	8.91	192927706	2844550912.00
2010/11/04	8.96	9.02	8.76	8.92	159439685	2340672512.00
2010/11/05	9.04	9.10	8.83	8.93	148253623	2178617088.00
2010/11/08	8.98	9.24	8.95	9.08	158999856	2373788672.00
2010/11/09	9.11	9.15	8.69	8.77	168692580	2472861440.00
2010/11/10	8.73	8.73	8.36	8.47	185659480	2623791360.00
2010/11/11	8.46	8.73	8.42	8.56	140741160	1997773568.00
2010/11/12	8.49	8.49	7.89	7.90	162468793	2234619136.00
2010/11/15	7.96	8.06	7.73	8.02	102330904	1361157760.00
2010/11/16	7.92	7.93	7.59	7.63	101346354	1333616512.00
2010/11/17	7.55	7.89	7.49	7.71	88936367	1168116352.00
2010/11/18	7.80	7.85	7.65	7.76	51868061	683851008.00
2010/11/19	7.79	7.81	7.50	7.70	80225581	1047077120.00
2010/11/22	7.53	7.63	7.46	7.51	81871304	1055428736.00
2010/11/23	7.48	7.48	7.24	7.35	82534428	1044622784.00
2010/11/24	7.34	7.55	7.33	7.45	59367417	759510272.00
2010/11/25	7.53	7.66	7.37	7.61	85551206	1103140736.00
2010/11/26	7.68	7.76	7.54	7.64	72170185	941692416.00
2010/11/29	7.59	7.65	7.49	7.58	44456207	574483840.00
2010/11/30	7.55	7.59	7.25	7.37	70465506	896825472.00
2010/12/01	7.35	7.47	7.32	7.41	31699307	403667360.00
2010/12/02	7.57	7.59	7.42	7.45	46735608	601006336.00
2010/12/03	7.46	7.53	7.40	7.47	33562275	430350144.00
2010/12/06	7.51	7.70	7.46	7.65	67233922	873902656.00
2010/12/07	7.61	7.69	7.51	7.66	50371023	653787584.00
2010/12/08	7.64	7.66	7.51	7.54	46375216	600882752.00
2010/12/09	7.49	7.50	7.36	7.38	50052445	638381504.00
2010/12/10	7.33	7.49	7.33	7.44	33921914	431884192.00
2010/12/13	7.48	7.63	7.40	7.61	83881971	1078465152.00
2010/12/14	7.61	7.68	7.52	7.57	54829480	711605440.00
2010/12/15	7.58	7.66	7.54	7.56	72040472	935727296.00
2010/12/16	7.56	7.56	7.40	7.45	60753484	779685312.00
2010/12/17	7.44	7.44	7.35	7.39	57386953	728978368.00
2010/12/20	7.41	7.42	7.08	7.17	91831797	1147808512.00
2010/12/21	7.19	7.51	7.11	7.45	97255977	1230271104.00
2010/12/22	7.44	7.49	7.23	7.26	58037506	734623616.00
2010/12/23	7.28	7.62	7.21	7.38	85513637	1090345600.00
2010/12/24	7.30	7.51	7.25	7.41	61330576	782233344.00
2010/12/27	7.54	7.59	7.21	7.23	62916617	800835200.00
2010/12/28	7.23	7.36	7.12	7.13	50643978	634014720.00
2010/12/29	7.16	7.23	7.07	7.14	43781538	541086528.00
2010/12/30	7.15	7.20	6.99	7.08	49486273	609301312.00
2010/12/31	7.09	7.15	7.03	7.14	70100841	863181184.00
2011/01/04	7.16	7.36	7.07	7.31	104301454	1307174912.00
2011/01/05	7.38	7.54	7.33	7.39	107014161	1367751424.00
2011/01/06	7.40	7.53	7.30	7.36	63954083	814451712.00
2011/01/07	7.37	8.00	7.29	7.79	278797594	3673752832.00
2011/01/10	7.69	7.87	7.56	7.66	128007500	1679801984.00
2011/01/11	7.61	7.93	7.61	7.92	114502560	1518387968.00
2011/01/12	7.95	7.99	7.77	7.99	103066730	1380549760.00
2011/01/13	7.99	8.03	7.86	7.87	55412160	743119680.00
2011/01/14	7.83	7.83	7.66	7.72	58900525	775149760.00
2011/01/17	7.59	7.69	7.16	7.31	85126256	1090523008.00
2011/01/18	7.28	7.44	7.24	7.37	39880973	505302336.00
2011/01/19	7.38	7.48	7.29	7.47	39144999	497010144.00
2011/01/20	7.43	7.46	7.20	7.21	45362809	571579136.00
2011/01/21	7.22	7.75	7.21	7.42	69001299	884042048.00
2011/01/24	7.39	7.49	7.31	7.41	40025944	509605600.00
2011/01/25	7.42	7.57	7.36	7.51	49402537	634358528.00
2011/01/26	7.53	7.56	7.47	7.52	32488433	418118016.00
2011/01/27	7.42	7.51	7.23	7.48	69649478	885350208.00
2011/01/28	7.43	7.49	7.29	7.37	53000399	672289536.00
2011/01/31	7.38	7.44	7.30	7.39	52767631	669997056.00
2011/02/01	7.40	7.43	7.34	7.43	41824771	532086944.00
2011/02/09	7.39	7.48	7.29	7.33	50344812	640373696.00
2011/02/10	7.31	7.45	7.28	7.43	47401671	601093824.00
2011/02/11	7.42	7.44	7.33	7.42	86524659	1097943936.00
2011/02/14	7.40	7.76	7.39	7.72	155522887	2025335168.00
2011/02/15	7.73	7.76	7.61	7.63	111743067	1462480128.00
2011/02/16	7.59	7.63	7.52	7.58	108130990	1399038848.00
2011/02/17	7.64	7.77	7.59	7.67	107896347	1410869120.00
2011/02/18	7.64	7.75	7.54	7.64	68116200	887867072.00
2011/02/21	7.56	7.63	7.50	7.62	76184521	985182784.00
2011/02/22	7.60	7.60	7.30	7.34	93354989	1190287232.00
2011/02/23	7.32	7.40	7.23	7.31	66811755	842434368.00
2011/02/24	7.30	7.31	7.21	7.30	97281919	1219329408.00
2011/02/25	7.29	7.43	7.24	7.34	61226468	773953728.00
2011/02/28	7.34	7.41	7.26	7.39	50718950	642186240.00
2011/03/01	7.40	7.62	7.40	7.57	128630210	1658382848.00
2011/03/02	7.52	7.87	7.48	7.75	198210460	2605382400.00
2011/03/03	7.75	8.22	7.75	7.96	263696326	3550340352.00
2011/03/04	7.91	8.06	7.86	8.04	120797971	1626377344.00
2011/03/07	8.06	8.24	7.97	8.08	121331696	1655652992.00
2011/03/08	8.06	8.24	8.03	8.09	95174193	1301033088.00
2011/03/09	8.13	8.22	8.06	8.08	75569415	1034222208.00
2011/03/10	8.05	8.05	7.77	7.79	94145605	1256350976.00
2011/03/11	7.78	7.83	7.63	7.69	64682922	851985600.00
2011/03/14	7.68	7.77	7.66	7.70	44064900	578145216.00
2011/03/15	7.67	7.67	7.41	7.54	92725768	1193536384.00
2011/03/16	7.53	7.67	7.47	7.62	62901816	814120000.00
2011/03/17	7.52	7.59	7.46	7.50	46829496	602924288.00
2011/03/18	7.57	7.63	7.49	7.53	43770807	566212736.00
2011/03/21	7.53	7.65	7.50	7.56	46708141	604983296.00
2011/03/22	7.59	7.85	7.48	7.75	70018764	919016000.00
2011/03/23	7.73	7.90	7.69	7.83	56238253	746472064.00
2011/03/24	7.84	7.90	7.70	7.75	39629180	523824416.00
2011/03/25	7.77	8.05	7.77	7.92	83143551	1116145920.00
2011/03/28	8.03	8.16	7.93	7.95	89692561	1219766912.00
2011/03/29	7.97	8.26	7.96	8.09	116597369	1593941120.00
2011/03/30	8.17	8.38	8.11	8.26	171723152	2380731136.00
2011/03/31	8.26	8.30	8.00	8.09	78290829	1072999168.00
2011/04/01	8.07	8.51	8.07	8.49	139484638	1947168640.00
2011/04/06	8.49	8.84	8.49	8.83	191242695	2768155392.00
2011/04/07	8.83	8.92	8.74	8.80	98951023	1443643904.00
2011/04/08	8.79	8.92	8.68	8.78	68431749	995248768.00
2011/04/11	8.81	9.07	8.76	8.79	120906813	1775882496.00
2011/04/12	8.76	8.89	8.60	8.71	87681115	1271603456.00
2011/04/13	8.64	9.19	8.63	9.14	114475526	1677223680.00
2011/04/14	9.21	9.35	9.09	9.12	126396923	1907393152.00
2011/04/15	9.07	9.26	8.99	9.21	72972838	1095421312.00
2011/04/18	9.16	9.30	9.07	9.15	79681035	1200582144.00
2011/04/19	9.03	9.15	8.81	8.82	85498252	1261580032.00
2011/04/20	8.84	8.99	8.69	8.77	60869160	887371136.00
2011/04/21	8.86	8.99	8.76	8.80	56955897	832686400.00
2011/04/22	8.80	8.88	8.67	8.73	47599632	690125824.00
2011/04/25	8.82	8.94	8.69	8.79	75979221	1108066432.00
2011/04/26	8.83	8.96	8.76	8.96	84160008	1234241152.00
2011/04/27	9.02	9.14	8.73	8.86	97470766	1439938944.00
2011/04/29	8.92	8.95	8.38	8.59	101688583	1452649728.00
2011/05/03	8.56	8.69	8.47	8.60	47035506	673472576.00
2011/05/04	8.53	8.66	8.18	8.25	81001236	1132838528.00
2011/05/05	8.19	8.37	8.09	8.29	46974559	650093888.00
2011/05/06	8.16	8.36	8.12	8.24	36757391	508740032.00
2011/05/09	8.23	8.36	8.15	8.19	30554676	422490272.00
2011/05/10	8.23	8.37	8.16	8.36	36795361	511163680.00
2011/05/11	8.36	8.42	8.23	8.29	27344003	380898272.00
2011/05/12	8.23	8.33	8.10	8.11	37059483	511077952.00
2011/05/13	8.13	8.25	7.99	8.25	52149614	712045056.00
2011/05/16	8.19	8.31	8.13	8.14	37488832	517163712.00
2011/05/17	8.15	8.38	8.09	8.31	48282261	669260992.00
2011/05/18	8.29	8.55	8.26	8.49	54624469	770723072.00
2011/05/19	8.52	8.63	8.46	8.49	44471117	632129344.00
2011/05/20	8.48	8.65	8.46	8.56	51652211	736778816.00
2011/05/23	8.51	8.56	8.23	8.27	49529764	690545344.00
2011/05/24	8.24	8.33	8.22	8.26	33302192	462259456.00
2011/05/25	8.24	8.27	8.06	8.07	30456437	417290080.00
2011/05/26	8.16	8.19	8.04	8.11	32165477	439304192.00
2011/05/27	8.13	8.29	8.05	8.14	42690707	586884288.00
2011/05/30	8.11	8.27	8.05	8.23	32773527	450312960.00
2011/05/31	8.23	8.28	8.10	8.27	54862272	754258688.00
2011/06/01	8.23	8.29	8.14	8.18	43373105	597661120.00
2011/06/02	8.07	8.11	7.66	7.77	78054220	1039092736.00
2011/06/03	7.75	7.87	7.73	7.82	38481953	387260352.00
2011/06/07	7.77	7.86	7.71	7.83	32112692	322851680.00
2011/06/08	7.84	7.85	7.51	7.65	71399603	705901440.00
2011/06/09	7.63	7.63	7.40	7.42	50650154	494816800.00
2011/06/10	7.44	7.53	7.41	7.47	41514189	403650880.00
2011/06/13	7.43	7.56	7.35	7.52	33499528	325257120.00
2011/06/14	7.51	7.77	7.46	7.65	59763717	594459904.00
2011/06/15	7.63	7.63	7.42	7.45	50642541	494521280.00
2011/06/16	7.40	7.44	7.32	7.34	43684110	420806048.00
2011/06/17	7.34	7.42	7.28	7.29	38151775	367427552.00
2011/06/20	7.28	7.40	7.24	7.38	49155845	471826240.00
2011/06/21	7.39	7.45	7.36	7.41	44032371	426182656.00
2011/06/22	7.46	7.46	7.30	7.36	44402682	428768704.00
2011/06/23	7.35	7.52	7.23	7.47	51462993	496177920.00
2011/06/24	7.42	7.91	7.40	7.83	108608292	1083590784.00
2011/06/27	7.83	7.94	7.73	7.80	61879841	624566464.00
2011/06/28	7.80	7.81	7.62	7.73	48625916	485148832.00
2011/06/29	7.73	7.77	7.47	7.49	92115792	906629888.00
2011/06/30	7.51	7.70	7.47	7.57	89477914	880212544.00
2011/07/01	7.58	7.59	7.38	7.47	84950358	829257856.00
2011/07/04	7.52	7.85	7.51	7.83	137704167	1372265472.00
2011/07/05	7.83	7.91	7.72	7.78	79844236	803065792.00
2011/07/06	7.74	7.74	7.53	7.65	78083396	771582208.00
2011/07/07	7.82	7.88	7.63	7.66	110306181	1107281024.00
2011/07/08	7.68	7.98	7.66	7.87	96178652	973144640.00
2011/07/11	7.78	7.86	7.69	7.78	77297565	774789760.00
2011/07/12	7.70	7.75	7.57	7.61	73779698	730710144.00
2011/07/13	7.66	7.81	7.60	7.74	60517246	605053184.00
2011/07/14	7.73	7.83	7.70	7.83	72244581	725394112.00
2011/07/15	7.78	7.87	7.72	7.82	66656003	672068544.00
2011/07/18	7.83	7.83	7.66	7.73	88296134	883661184.00
2011/07/19	7.67	7.69	7.55	7.58	77790440	768616576.00
2011/07/20	7.63	7.67	7.50	7.57	63761031	626819392.00
2011/07/21	7.56	7.58	7.37	7.46	73648903	716204416.00
2011/07/22	7.48	7.51	7.40	7.43	52488395	509417152.00
2011/07/25	7.38	7.40	7.10	7.16	88189088	838678400.00
2011/07/26	7.16	7.28	7.11	7.15	45125010	426214464.00
2011/07/27	7.11	7.15	7.08	7.12	48213160	452508640.00
2011/07/28	7.06	7.07	6.88	6.95	65663811	605993984.00
2011/07/29	6.98	7.34	6.86	7.13	95487760	894864384.00
2011/08/01	7.06	7.19	7.00	7.05	44930056	420409952.00
2011/08/02	6.98	7.04	6.86	6.99	41364988	380816096.00
2011/08/03	6.92	7.04	6.90	6.99	31523822	291253824.00
2011/08/04	7.04	7.13	7.00	7.01	30410552	283911232.00
2011/08/05	6.82	6.88	6.73	6.76	71952165	651685184.00
2011/08/08	6.68	6.82	6.35	6.46	98624718	871891968.00
2011/08/09	6.25	6.68	6.20	6.60	110925176	968666688.00
2011/08/10	6.75	6.81	6.60	6.64	67295852	605242176.00
2011/08/11	6.46	6.88	6.44	6.83	74782511	673428864.00
2011/08/12	6.85	6.88	6.71	6.76	51162640	463907936.00
2011/08/15	6.80	7.12	6.72	7.10	89493443	825023424.00
2011/08/16	7.08	7.24	7.00	7.08	92194078	866602368.00
2011/08/17	7.07	7.14	7.01	7.01	44535594	415370560.00
2011/08/18	7.05	7.06	6.82	6.85	40832235	375402144.00
2011/08/19	6.72	6.81	6.67	6.75	55545006	500195840.00
2011/08/22	6.77	6.88	6.68	6.71	42762550	385779136.00
2011/08/23	6.76	6.92	6.66	6.91	48210876	438712160.00
2011/08/24	6.94	7.07	6.81	6.83	53322202	490717792.00
2011/08/25	6.88	7.26	6.84	7.21	121038880	1135191040.00
2011/08/26	7.15	7.24	7.05	7.19	61998169	584450240.00
2011/08/29	7.02	7.02	6.86	6.91	75330948	693917120.00
2011/08/30	6.98	7.13	6.88	6.92	49166774	456223296.00
2011/08/31	6.91	7.08	6.89	7.02	34349428	318100896.00
2011/09/01	7.04	7.16	7.01	7.10	58506018	548068864.00
2011/09/02	7.08	7.13	6.93	7.02	32039819	297248800.00
2011/09/05	6.93	6.95	6.84	6.88	30840689	282591744.00
2011/09/06	6.82	6.95	6.76	6.84	42139539	384694368.00
2011/09/07	6.86	7.11	6.81	7.02	40598521	374413888.00
2011/09/08	7.03	7.06	6.93	6.99	28413650	263397216.00
2011/09/09	7.03	7.14	6.95	7.03	38055811	354331616.00
2011/09/13	6.91	6.95	6.85	6.88	27627217	252939808.00
2011/09/14	6.93	6.94	6.67	6.83	50592099	457967168.00
2011/09/15	6.83	6.90	6.67	6.68	56765027	512651840.00
2011/09/16	6.75	6.80	6.68	6.71	42224050	380213984.00
2011/09/19	6.64	6.65	6.52	6.54	41510239	366080576.00
2011/09/20	6.53	6.65	6.46	6.59	34551618	305251360.00
2011/09/21	6.59	6.95	6.49	6.82	70353056	635069888.00
2011/09/22	6.74	6.75	6.53	6.55	53791988	479557632.00
2011/09/23	6.44	6.54	6.34	6.46	54164832	470756864.00
2011/09/26	6.38	6.45	6.13	6.17	81748380	697436160.00
2011/09/27	6.25	6.31	6.21	6.25	40252611	343008384.00
2011/09/28	6.32	6.33	6.13	6.16	42407399	360008928.00
2011/09/29	6.12	6.25	6.06	6.18	43757787	369392512.00
2011/09/30	6.21	6.37	6.17	6.27	60468787	515663936.00
2011/10/10	6.25	6.29	6.14	6.15	32428434	274365568.00
2011/10/11	6.51	6.51	6.21	6.30	59130344	511050464.00
2011/10/12	6.27	6.65	6.22	6.58	89412222	787072832.00
2011/10/13	6.55	6.67	6.49	6.60	51298778	453963296.00
2011/10/14	6.57	6.61	6.46	6.56	40504198	356399904.00
2011/10/17	6.57	6.78	6.55	6.65	46009758	410848352.00
2011/10/18	6.58	6.63	6.48	6.51	41115344	362177728.00
2011/10/19	6.51	6.65	6.48	6.57	36188377	319545728.00
2011/10/20	6.50	6.59	6.37	6.46	50658455	443175232.00
2011/10/21	6.48	6.70	6.43	6.62	59306969	526976704.00
2011/10/24	6.64	6.94	6.60	6.89	94932084	864185472.00
2011/10/25	6.91	6.98	6.81	6.89	66314936	608223040.00
2011/10/26	6.86	7.03	6.78	6.91	68454846	631301568.00
2011/10/27	6.99	7.08	6.94	6.99	45585827	422360448.00
2011/10/28	7.13	7.28	6.99	7.11	82502754	775731712.00
2011/10/31	7.08	7.08	6.89	6.94	50778832	468747744.00
2011/11/01	6.88	7.07	6.84	6.91	57198902	527513056.00
2011/11/02	6.81	7.10	6.77	7.09	59397848	546059776.00
2011/11/03	7.11	7.12	6.95	6.97	84349601	785658944.00
2011/11/04	7.08	7.09	6.96	7.04	42565042	395922336.00
2011/11/07	6.98	7.01	6.89	6.91	32870037	302777632.00
2011/11/08	6.97	7.03	6.87	6.94	31693301	291603584.00
2011/11/09	6.97	7.02	6.91	7.00	27951632	257975136.00
2011/11/10	6.93	6.98	6.77	6.78	46636157	426657152.00
2011/11/11	6.79	6.90	6.78	6.81	25261827	230005504.00
2011/11/14	6.91	7.00	6.86	6.94	42296963	389371104.00
2011/11/15	6.93	6.95	6.86	6.91	30013432	275179264.00
2011/11/16	6.91	6.91	6.60	6.65	64028631	576115136.00
2011/11/17	6.67	6.70	6.57	6.59	32007465	284590464.00
2011/11/18	6.53	6.62	6.49	6.53	36819930	324198784.00
2011/11/21	6.57	6.58	6.40	6.47	32355327	281903840.00
2011/11/22	6.43	6.54	6.41	6.48	30669913	268099632.00
2011/11/23	6.49	6.50	6.35	6.42	26370231	228822400.00
2011/11/24	6.35	6.49	6.33	6.43	24460075	212634672.00
2011/11/25	6.43	6.45	6.33	6.35	21366538	184856608.00
2011/11/28	6.36	6.41	6.30	6.33	23967739	206431568.00
2011/11/29	6.39	6.47	6.35	6.46	25960610	225388352.00
2011/11/30	6.42	6.46	6.20	6.23	44971839	384658400.00
2011/12/01	6.47	6.68	6.46	6.54	89049077	787219136.00
2011/12/02	6.51	6.58	6.44	6.53	38638133	339557376.00
2011/12/05	6.57	6.64	6.36	6.53	40188321	354439392.00
2011/12/06	6.49	6.57	6.43	6.46	26440305	232129312.00
2011/12/07	6.47	6.56	6.43	6.51	23350899	204935328.00
2011/12/08	6.51	6.56	6.41	6.51	21909676	191759968.00
2011/12/09	6.46	6.51	6.37	6.43	29514000	257109792.00
2011/12/12	6.41	6.47	6.37	6.39	23035328	200109776.00
2011/12/13	6.37	6.45	6.29	6.31	47600711	412160768.00
2011/12/14	6.30	6.38	6.27	6.33	27334982	235202160.00
2011/12/15	6.29	6.35	6.21	6.22	41518789	354799712.00
2011/12/16	6.24	6.38	6.22	6.35	37730295	322463296.00
2011/12/19	6.30	6.37	6.10	6.34	45264959	384672672.00
2011/12/20	6.31	6.48	6.29	6.32	38376971	331731072.00
2011/12/21	6.39	6.45	6.23	6.26	41637650	359681312.00
2011/12/22	6.22	6.32	6.18	6.26	42682705	363453856.00
2011/12/23	6.27	6.34	6.22	6.27	23263186	198890336.00
2011/12/26	6.25	6.29	6.15	6.20	31788769	269877056.00
2011/12/27	6.20	6.26	6.13	6.17	31075676	262876944.00
2011/12/28	6.16	6.19	5.98	6.11	42011046	351109632.00
2011/12/29	6.08	6.11	6.02	6.08	40055045	333839360.00
2011/12/30	6.12	6.24	6.11	6.22	52982530	448339744.00
2012/01/04	6.27	6.29	6.12	6.14	34201379	290229536.00
2012/01/05	6.20	6.55	6.20	6.38	132116203	1144753024.00
2012/01/06	6.36	6.51	6.35	6.44	61778687	537043776.00
2012/01/09	6.45	6.72	6.41	6.68	80136249	711429632.00
2012/01/10	6.68	6.83	6.61	6.80	72004632	647206656.00
2012/01/11	6.78	6.83	6.71	6.73	49261157	444366560.00
2012/01/12	6.73	6.94	6.72	6.82	60486981	551261440.00
2012/01/13	6.84	6.91	6.70	6.77	56725332	514638080.00
2012/01/16	6.73	6.85	6.69	6.70	33100160	299225056.00
2012/01/17	6.73	6.99	6.52	6.93	97357263	876457408.00
2012/01/18	6.89	6.96	6.73	6.77	58089289	529288096.00
2012/01/19	6.78	6.95	6.75	6.93	68645571	628781824.00
2012/01/20	6.98	7.16	6.90	7.15	95052703	883450368.00
2012/01/30	7.13	7.14	6.93	6.95	71883155	668276672.00
2012/01/31	6.97	7.01	6.89	6.95	35464104	326763264.00
2012/02/01	6.93	6.99	6.78	6.81	39647888	362716576.00
2012/02/02	6.85	7.15	6.81	7.13	87973331	816297536.00
2012/02/03	7.08	7.23	7.05	7.17	97135312	914988416.00
2012/02/06	7.19	7.24	7.02	7.12	63691281	599080960.00
2012/02/07	7.05	7.09	6.91	6.97	51391402	475945760.00
2012/02/08	6.96	7.21	6.96	7.18	64270717	602796544.00
2012/02/09	7.18	7.21	7.09	7.13	50273854	473358240.00
2012/02/10	7.09	7.21	7.05	7.10	51836488	487049472.00
2012/02/13	6.98	7.10	6.91	7.00	49204966	456411680.00
2012/02/14	6.97	7.01	6.86	6.92	53024869	487049248.00
2012/02/15	6.89	7.02	6.87	6.96	55064760	507511360.00
2012/02/16	6.98	7.01	6.87	6.92	47501799	437494048.00
2012/02/17	6.98	7.04	6.93	6.99	41743292	386595872.00
2012/02/20	7.14	7.14	6.98	6.99	57740009	539245888.00
2012/02/21	7.00	7.04	6.93	7.01	42757386	395923936.00
2012/02/22	7.01	7.09	6.93	7.05	81447790	755732416.00
2012/02/23	7.05	7.13	7.01	7.06	87754888	818404864.00
2012/02/24	7.08	7.26	7.04	7.24	128341832	1207795584.00
2012/02/27	7.30	7.35	7.18	7.21	126664015	1206459776.00
2012/02/28	7.21	7.43	7.19	7.39	136121116	1308533888.00
2012/02/29	7.40	7.40	7.24	7.27	77757837	745267136.00
2012/03/01	7.23	7.32	7.22	7.28	46237868	441399328.00
2012/03/02	7.28	7.43	7.27	7.42	74013187	711842944.00
2012/03/05	7.47	7.48	7.31	7.31	66098035	638459392.00
2012/03/06	7.26	7.34	7.14	7.17	68450355	650629568.00
2012/03/07	7.12	7.17	7.06	7.07	51077237	479615296.00
2012/03/08	7.12	7.23	7.10	7.19	54828552	517039328.00
2012/03/09	7.20	7.24	7.15	7.20	47510501	449318752.00
2012/03/12	7.17	7.18	7.06	7.11	52784386	494779968.00
2012/03/13	7.12	7.26	7.08	7.20	61430150	582028864.00
2012/03/14	7.26	7.34	7.05	7.09	99280321	940852480.00
2012/03/15	7.09	7.18	6.89	6.92	70673894	661561280.00
2012/03/16	6.98	7.07	6.93	6.98	72584563	672304000.00
2012/03/19	6.99	7.05	6.97	7.01	50228036	466395776.00
2012/03/20	6.98	6.99	6.85	6.85	62725576	575220544.00
2012/03/21	6.91	6.92	6.75	6.81	51867060	471579968.00
2012/03/22	6.82	6.94	6.76	6.85	38651197	352251200.00
2012/03/23	6.83	6.85	6.75	6.79	35268448	319927040.00
2012/03/26	6.78	6.90	6.78	6.86	33692849	306941856.00
2012/03/27	6.88	6.90	6.81	6.85	27294640	249025232.00
2012/03/28	6.85	6.87	6.66	6.70	43565307	394701408.00
2012/03/29	6.67	6.73	6.58	6.60	48391415	432068896.00
2012/03/30	6.65	6.70	6.61	6.66	50587012	451335936.00
2012/04/05	6.63	6.68	6.54	6.66	76352001	677374528.00
2012/04/06	6.66	6.69	6.57	6.67	56682481	504458944.00
2012/04/09	6.62	6.67	6.56	6.57	34889828	309720480.00
2012/04/10	6.59	6.66	6.51	6.65	45147000	399088192.00
2012/04/11	6.60	6.68	6.58	6.62	39397074	350489728.00
2012/04/12	6.62	6.87	6.60	6.85	64571634	581979200.00
2012/04/13	6.84	6.88	6.75	6.87	61175666	556243008.00
2012/04/16	6.81	6.85	6.77	6.79	38614798	350463008.00
2012/04/17	6.79	6.82	6.66	6.66	49466011	444391616.00
2012/04/18	6.66	6.87	6.65	6.85	67117990	607091648.00
2012/04/19	6.83	6.89	6.79	6.85	48488000	441712576.00
2012/04/20	6.83	7.05	6.82	7.04	77240835	714085568.00
2012/04/23	7.00	7.06	6.94	6.97	41839068	387763904.00
2012/04/24	6.96	7.28	6.95	7.11	113165453	1065629952.00
2012/04/25	7.07	7.17	7.06	7.08	66489024	623235392.00
2012/04/26	7.15	7.19	7.03	7.10	53826936	503917248.00
2012/04/27	7.12	7.18	7.08	7.14	47114993	443152192.00
2012/05/02	7.21	7.32	7.14	7.29	107696972	1023491904.00
2012/05/03	7.24	7.28	7.15	7.19	60560075	574341312.00
2012/05/04	7.20	7.23	7.12	7.22	71659892	677231232.00
2012/05/07	7.16	7.21	7.07	7.15	82225733	773477056.00
2012/05/08	7.14	7.15	7.01	7.09	86721348	810233984.00
2012/05/09	7.03	7.04	6.91	6.93	65066893	600930048.00
2012/05/10	6.94	6.97	6.84	6.89	67576254	619397952.00
2012/05/11	6.89	6.96	6.85	6.89	35532729	325856896.00
2012/05/14	6.94	6.96	6.79	6.81	70896633	648414464.00
2012/05/15	6.73	6.78	6.71	6.77	60429994	544604544.00
2012/05/16	6.76	6.76	6.62	6.64	75535741	676147520.00
2012/05/17	6.66	6.75	6.63	6.70	43092663	386025728.00
2012/05/18	6.65	6.65	6.55	6.59	61950167	549225600.00
2012/05/21	6.59	6.64	6.56	6.60	46679612	413635872.00
2012/05/22	6.63	6.70	6.61	6.69	67549651	602839680.00
2012/05/23	6.68	6.69	6.58	6.62	61979794	552097472.00
2012/05/24	6.61	6.67	6.54	6.58	49757216	441704160.00
2012/05/25	6.58	6.59	6.50	6.52	45887776	404197696.00
2012/05/28	6.53	6.61	6.50	6.60	52347656	461949312.00
2012/05/29	6.59	6.71	6.55	6.68	93478648	831085312.00
2012/05/30	6.65	6.66	6.52	6.55	88036486	779244032.00
2012/05/31	6.52	6.53	6.48	6.50	67011196	587833152.00
2012/06/01	6.51	6.57	6.48	6.51	42401677	372673952.00
2012/06/04	6.44	6.44	6.31	6.32	69367973	599453504.00
2012/06/05	6.35	6.37	6.28	6.29	69666907	598110592.00
2012/06/06	6.32	6.41	6.28	6.35	49918846	429065888.00
2012/06/07	6.41	6.43	6.26	6.29	48026408	413324672.00
2012/06/08	6.24	6.26	6.04	6.07	140389731	1176530432.00
2012/06/11	6.09	6.11	6.04	6.07	71644862	597652544.00
2012/06/12	6.04	6.08	5.92	6.02	82431224	680814848.00
2012/06/14	6.03	6.07	5.98	6.00	80017463	664166656.00
2012/06/15	6.04	6.26	6.02	6.20	134216053	1129580288.00
2012/06/18	6.20	6.21	6.15	6.19	50212960	424346816.00
2012/06/19	6.20	6.27	6.16	6.22	47008304	398791968.00
2012/06/20	6.27	6.34	6.21	6.23	50000107	427039904.00
2012/06/21	6.24	6.24	6.13	6.17	39423884	332932096.00
2012/06/25	6.15	6.21	6.07	6.08	52706596	443526592.00
2012/06/26	6.10	6.15	6.06	6.09	39982538	323089664.00
2012/06/27	6.09	6.12	6.06	6.08	26966055	217422016.00
2012/06/28	6.08	6.10	6.04	6.04	28876449	232014032.00
2012/06/29	6.07	6.19	6.05	6.16	50974236	412653792.00
2012/07/02	6.18	6.18	6.08	6.12	43691987	353033248.00
2012/07/03	6.12	6.18	6.10	6.12	40080965	324895968.00
2012/07/04	6.13	6.21	6.11	6.15	39552477	321375936.00
2012/07/05	6.14	6.15	6.08	6.10	33635896	271555072.00
2012/07/06	5.95	6.00	5.91	6.00	115797069	917011456.00
2012/07/09	5.96	5.97	5.68	5.70	106535413	829804096.00
2012/07/10	5.70	5.79	5.69	5.73	45089773	347540672.00
2012/07/11	5.72	5.77	5.70	5.74	32425638	249889712.00
2012/07/12	5.74	5.75	5.61	5.70	100909326	770420608.00
2012/07/13	5.69	5.82	5.67	5.76	45202381	349346432.00
2012/07/16	5.78	5.78	5.65	5.66	46584899	358037216.00
2012/07/17	5.68	5.76	5.65	5.72	30224255	232272368.00
2012/07/18	5.72	5.72	5.63	5.70	47630983	363638272.00
2012/07/19	5.68	5.76	5.64	5.72	77344589	594527744.00
2012/07/20	5.70	5.71	5.63	5.64	55545514	423521024.00
2012/07/23	5.60	5.60	5.45	5.48	64501900	480841536.00
2012/07/24	5.46	5.53	5.44	5.49	48389405	360293120.00
2012/07/25	5.46	5.53	5.42	5.44	47580447	353247488.00
2012/07/26	5.43	5.48	5.40	5.43	30350495	224778992.00
2012/07/27	5.45	5.59	5.43	5.52	58500797	438293376.00
2012/07/30	5.55	5.68	5.52	5.59	62142486	470732256.00
2012/07/31	5.60	5.72	5.59	5.69	70118950	535947136.00
2012/08/01	5.70	5.74	5.62	5.68	62270863	476495456.00
2012/08/02	5.71	5.80	5.68	5.78	75444190	581966464.00
2012/08/03	5.77	5.78	5.71	5.77	44045380	339338688.00
2012/08/06	5.76	5.77	5.72	5.75	46411105	358235328.00
2012/08/07	5.75	5.76	5.68	5.72	34912528	268267936.00
2012/08/08	5.73	5.80	5.72	5.76	53821168	416624096.00
2012/08/09	5.78	5.79	5.72	5.78	32490296	251340992.00
2012/08/10	5.82	5.88	5.81	5.83	46782980	365500896.00
2012/08/13	5.83	5.86	5.77	5.78	47282079	368478432.00
2012/08/14	5.79	5.83	5.76	5.83	39743689	308683296.00
2012/08/15	5.83	5.83	5.58	5.61	89555247	683068992.00
2012/08/16	5.62	5.62	5.53	5.56	40630297	306256960.00
2012/08/17	5.55	5.61	5.54	5.58	33322665	251555248.00
2012/08/20	5.55	5.59	5.49	5.55	27038216	202877232.00
2012/08/21	5.54	5.59	5.52	5.54	36268940	272732512.00
2012/08/22	5.55	5.56	5.50	5.55	35326454	264640480.00
2012/08/23	5.54	5.58	5.50	5.55	36366406	273444032.00
2012/08/24	5.55	5.56	5.48	5.52	36963616	277056704.00
2012/08/27	5.48	5.52	5.42	5.43	40334510	300069728.00
2012/08/28	5.46	5.65	5.43	5.63	54763743	411991616.00
2012/08/29	5.59	5.60	5.55	5.58	38419444	289895904.00
2012/08/30	5.53	5.65	5.53	5.64	44804211	339823936.00
2012/08/31	5.61	5.71	5.60	5.64	37255105	284745600.00
2012/09/03	5.66	5.66	5.56	5.61	55393324	419440928.00
2012/09/04	5.59	5.62	5.46	5.49	44361378	332534240.00
2012/09/05	5.47	5.48	5.31	5.35	73135906	536590336.00
2012/09/06	5.37	5.42	5.33	5.41	38370245	281996032.00
2012/09/07	5.45	5.81	5.43	5.63	145971941	1108956800.00
2012/09/10	5.62	5.64	5.56	5.59	63799021	482615584.00
2012/09/11	5.57	5.57	5.46	5.52	50981388	381041952.00
2012/09/12	5.56	5.59	5.45	5.51	41199392	308089952.00
2012/09/13	5.50	5.53	5.47	5.48	28598526	213621168.00
2012/09/14	5.53	5.59	5.47	5.55	60553998	454887776.00
2012/09/17	5.55	5.55	5.43	5.44	39495794	294478240.00
2012/09/18	5.42	5.43	5.37	5.38	29556474	217783072.00
2012/09/19	5.38	5.41	5.36	5.37	35316266	259404096.00
2012/09/20	5.35	5.37	5.25	5.26	48072062	349808064.00
2012/09/21	5.25	5.29	5.21	5.24	37540673	271098080.00
2012/09/24	5.21	5.24	5.14	5.20	44280628	316830848.00
2012/09/25	5.19	5.21	5.16	5.19	23528437	168346304.00
2012/09/26	5.18	5.21	5.13	5.14	28344266	202126624.00
2012/09/27	5.14	5.39	5.13	5.35	74565209	540842752.00
2012/09/28	5.31	5.42	5.27	5.41	62930106	460162688.00
2012/10/08	5.41	5.45	5.31	5.35	32324563	237702592.00
2012/10/09	5.38	5.51	5.37	5.48	48620078	361695648.00
2012/10/10	5.46	5.49	5.43	5.47	27147361	201761968.00
2012/10/11	5.44	5.46	5.40	5.44	29564294	218797760.00
2012/10/12	5.46	5.53	5.44	5.48	37953795	283061216.00
2012/10/15	5.49	5.50	5.40	5.44	22249339	164793072.00
2012/10/16	5.44	5.55	5.42	5.49	43952520	328313920.00
2012/10/17	5.51	5.61	5.47	5.58	52658490	395714432.00
2012/10/18	5.58	5.68	5.57	5.65	51397333	390882240.00
2012/10/19	5.65	5.66	5.58	5.61	40185550	305185408.00
2012/10/22	5.57	5.71	5.56	5.68	36799861	280112256.00
2012/10/23	5.69	5.71	5.58	5.60	32189190	245356336.00
2012/10/24	5.58	5.66	5.57	5.62	28328508	215116944.00
2012/10/25	5.61	5.65	5.53	5.56	29807495	225449552.00
2012/10/26	5.57	5.60	5.45	5.49	49611207	370899616.00
2012/10/29	5.47	5.52	5.45	5.50	28176827	210091712.00
2012/10/30	5.50	5.56	5.43	5.51	37082866	276344864.00
2012/10/31	5.52	5.56	5.46	5.54	36411101	273109824.00
2012/11/01	5.55	5.73	5.54	5.67	57205114	436219680.00
2012/11/02	5.68	5.73	5.64	5.71	47587494	364830176.00
2012/11/05	5.73	5.81	5.69	5.76	56974001	439602336.00
2012/11/06	5.77	5.77	5.62	5.71	42177128	323024800.00
2012/11/07	5.70	5.76	5.67	5.72	26193792	201366784.00
2012/11/08	5.66	5.69	5.56	5.57	38667163	293900672.00
2012/11/09	5.56	5.62	5.53	5.56	26921255	202868992.00
2012/11/12	5.57	5.67	5.56	5.66	43645487	331521952.00
2012/11/13	5.65	5.65	5.51	5.52	37691617	283805504.00
2012/11/14	5.52	5.56	5.50	5.53	21823216	163644368.00
2012/11/15	5.52	5.53	5.44	5.45	29220009	217739712.00
2012/11/16	5.44	5.44	5.37	5.39	33266319	245149920.00
2012/11/19	5.39	5.43	5.36	5.40	24785310	182453728.00
2012/11/20	5.43	5.44	5.36	5.38	20252986	149215104.00
2012/11/21	5.38	5.51	5.37	5.50	28957627	214374144.00
2012/11/22	5.48	5.51	5.43	5.47	22784842	169442912.00
2012/11/23	5.49	5.59	5.46	5.54	35819826	268999520.00
2012/11/26	5.53	5.57	5.46	5.50	28167480	210337440.00
2012/11/27	5.47	5.55	5.45	5.49	40827533	304729088.00
2012/11/28	5.47	5.53	5.45	5.47	41978767	312815520.00
2012/11/29	5.49	5.50	5.43	5.44	39279397	291914528.00
2012/11/30	5.44	5.51	5.40	5.49	38822287	288486304.00
2012/12/03	5.49	5.50	5.37	5.38	53769233	396827584.00
2012/12/04	5.36	5.49	5.36	5.46	34974819	258840208.00
2012/12/05	5.46	5.95	5.44	5.91	227002022	1764021504.00
2012/12/06	5.90	6.00	5.86	5.92	115134979	910874048.00
2012/12/07	5.96	6.31	5.95	6.29	229249195	1863056896.00
2012/12/10	6.38	6.45	6.29	6.36	215254803	1796312704.00
2012/12/11	6.35	6.40	6.28	6.31	114930761	955761536.00
2012/12/12	6.32	6.52	6.32	6.43	174126970	1463953024.00
2012/12/13	6.38	6.48	6.31	6.32	124094525	1038553792.00
2012/12/14	6.35	7.02	6.35	6.93	344394455	3002867456.00
2012/12/17	7.03	7.14	6.97	7.10	254783070	2298528768.00
2012/12/18	7.04	7.32	7.00	7.17	234880214	2144833792.00
2012/12/19	7.14	7.19	7.01	7.08	176670647	1601205248.00
2012/12/20	7.02	7.10	6.91	7.09	149750877	1346132224.00
2012/12/21	7.09	7.14	6.91	7.00	130820092	1174200064.00
2012/12/24	6.97	7.29	6.97	7.12	134642726	1224943488.00
2012/12/25	7.10	7.59	7.07	7.48	234226689	2200438272.00
2012/12/26	7.49	7.52	7.40	7.49	96013021	904988224.00
2012/12/27	7.49	7.67	7.35	7.42	127847946	1211244288.00
2012/12/28	7.40	7.67	7.40	7.62	119599842	1140200576.00
2012/12/31	7.67	7.99	7.66	7.95	198451648	1956467584.00
2013/01/04	8.13	8.29	7.96	8.05	261436810	2633796608.00
2013/01/07	8.08	8.37	8.04	8.35	248200915	2534161920.00
2013/01/08	8.37	8.38	8.09	8.15	154851189	1573240192.00
2013/01/09	8.12	8.21	8.01	8.17	175906181	1774560384.00
2013/01/10	8.14	8.24	8.02	8.07	121226794	1224888960.00
2013/01/11	8.10	8.15	7.80	7.85	171547464	1709899008.00
2013/01/14	7.78	8.39	7.78	8.38	228634872	2326609920.00
2013/01/15	8.38	8.44	8.25	8.36	134039003	1383536256.00
2013/01/16	8.31	8.35	8.01	8.15	156691872	1588121344.00
2013/01/17	8.08	8.20	7.91	8.06	116672023	1163327232.00
2013/01/18	8.11	8.28	8.00	8.19	129872645	1315677056.00
2013/01/21	8.23	8.47	8.08	8.43	178154882	1826584576.00
2013/01/22	8.41	8.79	8.28	8.51	242222065	2546398208.00
2013/01/23	8.47	8.65	8.40	8.63	155968498	1637582720.00
2013/01/24	8.63	9.07	8.56	8.64	320210498	3446063872.00
2013/01/25	8.63	8.71	8.56	8.69	89716806	951423104.00
2013/01/28	8.69	9.24	8.68	9.21	263089195	2903989248.00
2013/01/29	9.24	9.50	9.14	9.33	191067344	2155684352.00
2013/01/30	9.32	9.39	9.12	9.27	172171454	1933405056.00
2013/01/31	9.27	9.53	9.15	9.51	181147190	2051351296.00
2013/02/01	9.44	10.00	9.34	9.98	223157195	2595572224.00
2013/02/04	10.01	10.30	9.86	10.10	271540507	3269293056.00
2013/02/05	9.94	10.03	9.68	9.90	176944688	2098278656.00
2013/02/06	9.88	10.08	9.75	10.03	133748186	1595335936.00
2013/02/07	10.03	10.05	9.20	9.46	315193605	3634915072.00
2013/02/08	9.43	9.48	9.09	9.37	195904902	2214211072.00
2013/02/18	9.45	9.53	9.22	9.29	119051849	1348960768.00
2013/02/19	9.26	9.34	9.10	9.13	114565262	1279590656.00
2013/02/20	9.13	9.15	8.61	8.84	264523040	2849978368.00
2013/02/21	8.68	8.71	8.03	8.25	290791316	2996527616.00
2013/02/22	8.22	8.37	8.11	8.17	143226433	1463429376.00
2013/02/25	8.24	8.43	8.23	8.35	116274545	1198145536.00
2013/02/26	8.23	8.79	8.18	8.36	238592674	2515148288.00
2013/02/27	8.39	8.73	8.34	8.42	158815735	1662077312.00
2013/02/28	8.58	9.10	8.42	9.09	224658466	2416913152.00
2013/03/01	9.10	9.34	8.83	9.20	223208905	2475460608.00
2013/03/04	8.89	8.93	8.30	8.42	261002023	2758781184.00
2013/03/05	8.39	9.25	8.39	9.10	233607734	2525017088.00
2013/03/06	9.19	9.34	8.99	9.14	205631621	2289024768.00
2013/03/07	9.05	9.13	8.54	8.79	191555154	2072717440.00
2013/03/08	8.84	8.91	8.63	8.74	103046487	1106726784.00
2013/03/11	8.70	8.70	8.44	8.50	94081221	990803392.00
2013/03/12	8.49	8.68	8.21	8.32	132298619	1371021568.00
2013/03/13	8.32	8.45	8.14	8.28	105764431	1083876608.00
2013/03/14	8.43	8.59	8.30	8.48	163419368	1707645824.00
2013/03/15	8.50	8.96	8.41	8.54	214299272	2283442432.00
2013/03/18	8.47	8.67	8.42	8.51	142604467	1499673088.00
2013/03/19	8.50	8.69	8.46	8.68	114470221	1207222528.00
2013/03/20	8.71	9.23	8.68	9.22	253698290	2793678336.00
2013/03/21	9.23	9.31	8.97	9.13	193267919	2143848576.00
2013/03/22	9.04	9.14	8.98	9.09	122824527	1356165888.00
2013/03/25	9.16	9.27	9.03	9.07	89020579	986945856.00
2013/03/26	9.01	9.02	8.68	8.73	126327261	1358261888.00
2013/03/27	8.74	8.98	8.66	8.79	113814685	1225592704.00
2013/03/28	8.23	8.28	7.71	8.05	298069476	2992135424.00
2013/03/29	8.06	8.24	7.94	8.16	131028762	1315731584.00
2013/04/01	8.09	8.23	8.06	8.08	76052116	767292288.00
2013/04/02	8.10	8.20	7.97	8.06	83681538	840890496.00
2013/04/03	8.08	8.18	7.98	8.09	88765772	892637760.00
2013/04/08	7.90	8.02	7.73	7.95	89499064	883268160.00
2013/04/09	7.99	8.15	7.99	8.07	65806596	660726016.00
2013/04/10	8.06	8.07	7.95	8.03	54586848	544630528.00
2013/04/11	8.11	8.15	8.03	8.05	43303750	435013696.00
2013/04/12	8.06	8.09	7.93	7.97	41832297	417375296.00
2013/04/15	7.97	8.02	7.82	7.86	75763623	747795136.00
2013/04/16	7.78	7.86	7.63	7.77	126274720	1224441856.00
2013/04/17	7.77	7.77	7.55	7.62	86278542	829038272.00
2013/04/18	7.49	7.69	7.45	7.66	103421937	985199552.00
2013/04/19	7.68	8.22	7.65	8.17	178675031	1778831232.00
2013/04/22	8.14	8.25	8.13	8.25	123343744	1254891776.00
2013/04/23	8.31	8.32	7.83	7.87	108826815	1083711360.00
2013/04/24	7.89	8.18	7.80	8.06	105005043	1045917568.00
2013/04/25	8.03	8.10	7.85	7.94	74320334	737540032.00
2013/04/26	7.99	8.04	7.88	7.91	52806428	524919904.00
2013/05/02	7.80	7.89	7.69	7.85	80667825	786928384.00
2013/05/03	7.90	8.20	7.86	8.04	109373480	1097528960.00
2013/05/06	8.06	8.24	8.00	8.16	87865272	888293824.00
2013/05/07	8.12	8.13	8.01	8.09	60095952	603143616.00
2013/05/08	8.15	8.23	8.04	8.08	72153519	728615168.00
2013/05/09	8.09	8.11	7.92	8.00	64667334	644949056.00
2013/05/10	7.96	8.09	7.92	8.06	63127003	630968320.00
2013/05/13	8.05	8.14	7.96	8.05	66994306	670319744.00
2013/05/14	8.06	8.08	7.96	8.00	67348057	671548096.00
2013/05/15	8.01	8.05	7.96	8.02	47275904	471747488.00
2013/05/16	8.02	8.19	7.87	8.18	111647303	1120193792.00
2013/05/17	8.18	8.31	8.08	8.27	122955149	1250713216.00
2013/05/20	8.29	8.57	8.23	8.44	156851179	1632285440.00
2013/05/21	8.41	8.45	8.27	8.37	91775245	946356992.00
2013/05/22	8.36	8.41	8.31	8.39	71207689	734819200.00
2013/05/23	8.32	8.36	8.18	8.18	82484743	845485632.00
2013/05/24	8.23	8.31	8.13	8.23	63230983	644944832.00
2013/05/27	8.24	8.36	8.21	8.32	69546991	714504512.00
2013/05/28	8.33	8.59	8.28	8.58	111377099	1160468736.00
2013/05/29	8.61	8.65	8.54	8.55	91459014	966132032.00
2013/05/30	8.51	8.65	8.50	8.57	89454796	942531008.00
2013/05/31	8.59	8.65	8.49	8.50	101875600	1074952832.00
2013/06/03	8.55	8.59	8.39	8.42	83186090	823621312.00
2013/06/04	8.47	8.47	8.28	8.32	60164557	587136128.00
2013/06/05	8.32	8.35	8.18	8.23	56405768	545296064.00
2013/06/06	8.19	8.25	8.00	8.03	72417597	688813184.00
2013/06/07	8.09	8.15	7.90	7.93	72344081	682011584.00
2013/06/13	7.83	7.83	7.49	7.60	127820275	1152185088.00
2013/06/14	7.65	7.65	7.56	7.60	77530686	699500736.00
2013/06/17	7.63	7.68	7.54	7.59	52039165	469144448.00
2013/06/18	7.63	7.70	7.59	7.65	40358845	365844128.00
2013/06/19	7.63	7.63	7.40	7.47	53104791	473179680.00
2013/06/20	7.44	7.44	6.98	7.00	137571510	1178952704.00
2013/06/21	6.89	7.05	6.80	6.86	147442615	1229287040.00
2013/06/24	6.87	6.87	6.08	6.10	249977361	1942163840.00
2013/06/25	6.03	6.42	5.76	6.38	246601203	1856925568.00
2013/06/26	6.48	6.53	6.21	6.35	130788936	1016856704.00
2013/06/27	6.43	6.50	6.28	6.46	125823284	982597056.00
2013/06/28	6.40	6.88	6.34	6.86	157753950	1276035968.00
2013/07/01	6.80	6.85	6.65	6.75	86027064	702497408.00
2013/07/02	6.76	6.80	6.53	6.73	84019573	677872960.00
2013/07/03	6.68	6.69	6.55	6.62	69690313	560255104.00
2013/07/04	6.64	6.86	6.60	6.70	85794489	697456128.00
2013/07/05	6.69	6.80	6.66	6.69	58764344	477728576.00
2013/07/08	6.58	6.63	6.48	6.49	63977579	508688896.00
2013/07/09	6.50	6.54	6.46	6.50	40964528	324418304.00
2013/07/10	6.53	6.71	6.48	6.69	60829122	488041472.00
2013/07/11	6.75	7.50	6.75	7.44	274152438	2369027072.00
2013/07/12	7.34	7.43	7.01	7.07	162211373	1400965632.00
2013/07/15	7.13	7.29	6.99	7.14	103850924	891216128.00
2013/07/16	7.10	7.13	6.99	7.12	78430472	664317056.00
2013/07/17	7.10	7.13	6.96	7.03	79489709	673336896.00
2013/07/18	6.99	7.03	6.74	6.78	99044377	818192320.00
2013/07/19	6.80	6.82	6.60	6.61	76242268	619426688.00
2013/07/22	6.48	6.57	6.40	6.53	95552055	754153152.00
2013/07/23	6.57	6.81	6.52	6.72	115906521	942643008.00
2013/07/24	6.62	6.67	6.48	6.58	87410550	697536448.00
2013/07/25	6.60	6.69	6.54	6.60	62010839	497968416.00
2013/07/26	6.56	6.59	6.52	6.55	42800503	341110304.00
2013/07/29	6.48	6.48	6.29	6.32	84518514	655293184.00
2013/07/30	6.36	6.54	6.32	6.42	68907635	540970752.00
2013/07/31	6.49	6.60	6.40	6.44	50335414	397874848.00
2013/08/01	6.50	6.60	6.45	6.57	58959381	469433184.00
2013/08/02	6.64	6.70	6.55	6.56	57767151	463891776.00
2013/08/05	6.56	6.65	6.53	6.64	53056118	425459712.00
2013/08/06	6.61	6.66	6.56	6.61	82798496	664260288.00
2013/08/07	6.61	6.72	6.58	6.59	68679917	553785280.00
2013/08/08	6.59	6.65	6.53	6.57	54611350	436833728.00
2013/08/09	6.63	6.66	6.54	6.59	55483572	444645248.00
2013/08/12	6.62	6.90	6.59	6.89	142760853	1171789184.00
2013/08/13	6.88	7.01	6.85	7.00	118672580	991814144.00
2013/08/14	7.02	7.11	6.88	6.89	121903670	1025898624.00
2013/08/15	6.89	6.95	6.78	6.80	67134769	556547136.00
2013/08/16	6.75	7.62	6.73	6.89	264712593	2254296064.00
2013/08/19	6.82	7.08	6.81	7.03	124704778	1044624768.00
2013/08/20	7.00	7.36	6.97	7.09	153605678	1314061952.00
2013/08/21	7.11	7.16	6.95	7.03	65732224	554833024.00
2013/08/22	6.99	7.20	6.98	7.02	60326480	513025408.00
2013/08/23	7.12	7.21	6.83	7.00	117530030	995509248.00
2013/08/26	7.03	7.36	6.98	7.32	161720147	1399048064.00
2013/08/27	7.33	7.63	7.28	7.53	224672933	2001682176.00
2013/08/28	7.46	7.73	7.37	7.58	243574963	2194823936.00
2013/08/29	7.69	7.79	7.44	7.50	146496955	1320039168.00
2013/08/30	7.44	7.63	7.34	7.57	129143351	1152526336.00
2013/09/02	7.69	7.87	7.53	7.55	141236900	1281805056.00
2013/09/03	7.54	7.70	7.47	7.67	140383661	1269355904.00
2013/09/04	7.62	7.82	7.61	7.72	142450054	1305299456.00
2013/09/05	7.77	7.77	7.64	7.71	93544409	852833088.00
2013/09/06	7.73	8.45	7.70	8.15	301015112	2850092288.00
2013/09/09	8.86	9.11	8.76	9.11	580189224	6069489664.00
2013/09/10	9.58	10.07	9.35	9.98	1198024109	13328929792.00
2013/09/11	9.79	10.05	9.78	9.85	603551016	6834516480.00
2013/09/12	9.88	10.98	9.74	10.83	1041527543	12498180096.00
2013/09/13	10.66	10.85	10.31	10.49	661646551	7947104256.00
2013/09/16	10.58	10.60	9.81	10.07	699493335	8064946176.00
2013/09/17	9.99	10.06	9.35	9.41	511737943	5694768128.00
2013/09/18	9.53	9.77	9.41	9.58	400172137	4413153792.00
2013/09/23	9.63	9.78	9.38	9.76	453630138	4987201024.00
2013/09/24	9.77	9.78	9.15	9.39	476900620	5154101248.00
2013/09/25	9.32	9.76	9.27	9.36	384146137	4206311424.00
2013/09/26	9.33	9.34	8.65	8.75	448493838	4639913984.00
2013/09/27	8.69	8.91	8.63	8.82	243782409	2485876736.00
2013/09/30	8.92	8.95	8.60	8.67	256510906	2609512448.00
2013/10/08	8.61	8.91	8.46	8.81	258444174	2618477312.00
2013/10/09	8.68	9.04	8.65	8.85	244015218	2503190528.00
2013/10/10	8.88	8.93	8.51	8.56	249225016	2508886016.00
2013/10/11	8.68	9.23	8.58	9.13	441961264	4582589952.00
2013/10/14	9.03	9.08	8.83	8.87	274009307	2834786560.00
2013/10/15	8.88	8.93	8.60	8.69	212323978	2155489536.00
2013/10/16	8.67	8.67	8.40	8.49	217322904	2160308480.00
2013/10/17	8.59	8.65	8.39	8.40	145253461	1440499456.00
2013/10/18	8.40	8.64	8.38	8.46	129849775	1290361088.00
2013/10/21	8.53	8.74	8.38	8.70	211850917	2123854848.00
2013/10/22	8.69	8.69	8.44	8.51	156011435	1554175488.00
2013/10/23	8.53	8.93	8.49	8.60	260513178	2639944192.00
2013/10/24	8.54	8.74	8.40	8.56	170003394	1700451840.00
2013/10/25	8.59	8.84	8.57	8.65	256524257	2593128960.00
2013/10/28	8.66	8.80	8.50	8.73	164098118	1650688512.00
2013/10/29	8.80	9.27	8.76	9.06	494214050	5150564352.00
2013/10/30	9.06	9.20	8.89	9.17	301165849	3162162432.00
2013/10/31	9.16	9.18	8.89	8.91	211637554	2206625536.00
2013/11/01	8.90	9.11	8.81	9.00	164057262	1704932224.00
2013/11/04	9.06	9.12	8.84	8.88	138786390	1438550528.00
2013/11/05	8.80	8.83	8.62	8.78	172536527	1747250944.00
2013/11/06	8.65	8.78	8.58	8.61	151026564	1522867072.00
2013/11/07	8.66	8.77	8.55	8.63	114983822	1158380416.00
2013/11/08	8.60	8.68	8.51	8.56	110388788	1104891648.00
2013/11/11	8.57	8.60	8.48	8.55	79759246	793983232.00
2013/11/12	8.59	8.77	8.58	8.70	119655182	1209294464.00
2013/11/13	8.62	8.63	8.21	8.22	208714474	2049839104.00
2013/11/14	8.18	8.26	7.97	8.07	169111025	1601513600.00
2013/11/15	8.07	8.43	8.06	8.26	180564555	1753424256.00
2013/11/18	8.33	8.69	8.24	8.68	231275931	2289353984.00
2013/11/19	8.68	8.68	8.53	8.55	128516630	1286050560.00
2013/11/20	8.59	8.76	8.55	8.63	125986570	1265362944.00
2013/11/21	8.58	8.66	8.36	8.65	172340745	1708643968.00
2013/11/22	8.63	8.69	8.56	8.64	131116961	1317526656.00
2013/11/25	8.57	8.69	8.50	8.51	96767050	967272320.00
2013/11/26	8.48	8.61	8.46	8.48	72857686	724350720.00
2013/11/27	8.45	8.66	8.34	8.51	134357122	1332415744.00
2013/11/28	8.53	8.64	8.48	8.54	121839005	1217508480.00
2013/11/29	8.64	8.70	8.54	8.57	112491968	1128740864.00
2013/12/02	8.68	8.92	8.57	8.90	408952609	4162905344.00
2013/12/03	8.85	8.92	8.72	8.84	178953713	1832350208.00
2013/12/04	8.82	9.15	8.78	8.98	283303320	2951386624.00
2013/12/05	8.98	9.02	8.86	8.93	150565456	1557557504.00
2013/12/06	8.92	8.92	8.71	8.80	157734044	1611228672.00
2013/12/09	8.79	8.83	8.66	8.69	111336390	1127426944.00
2013/12/10	8.70	8.79	8.66	8.72	89476538	907205504.00
2013/12/11	8.69	8.71	8.49	8.51	127176728	1268123904.00
2013/12/12	8.49	8.54	8.45	8.46	89839025	889730880.00
2013/12/13	8.42	8.43	8.35	8.41	98124624	963431296.00
2013/12/16	8.43	8.55	8.30	8.32	119802106	1177159808.00
2013/12/17	8.34	8.35	8.24	8.27	78126226	758108096.00
2013/12/18	8.29	8.38	8.26	8.29	55191766	536799936.00
2013/12/19	8.33	8.36	8.18	8.19	71003510	687152704.00
2013/12/20	8.21	8.22	7.92	7.94	107593841	1018130496.00
2013/12/23	7.99	8.06	7.89	7.92	63014853	590896768.00
2013/12/24	7.95	7.99	7.83	7.92	71802936	671259968.00
2013/12/25	7.91	7.93	7.73	7.85	89003265	821820544.00
2013/12/26	7.84	7.85	7.64	7.67	82518650	753839552.00
2013/12/27	7.67	7.90	7.66	7.82	88052311	811334784.00
2013/12/30	7.88	7.90	7.77	7.78	70408751	650877056.00
2013/12/31	7.79	8.11	7.75	8.01	107237045	1006340928.00
2014/01/02	8.02	8.03	7.87	7.91	69821037	652410752.00
2014/01/03	7.86	7.88	7.66	7.72	88351969	807094464.00
2014/01/06	7.89	7.92	7.71	7.77	117267700	1079925504.00
2014/01/07	7.75	7.79	7.59	7.72	72150947	657895488.00
2014/01/08	7.72	7.90	7.69	7.78	78603481	724415936.00
2014/01/09	7.78	8.02	7.74	7.87	109976763	1025797632.00
2014/01/10	7.86	8.03	7.82	7.99	93379978	875061952.00
2014/01/13	8.02	8.05	7.91	7.97	65935363	618500160.00
2014/01/14	7.98	8.01	7.83	7.98	79710266	744481152.00
2014/01/15	7.97	7.98	7.74	7.81	77606643	717369984.00
2014/01/16	7.80	7.84	7.75	7.76	67204743	618488768.00
2014/01/17	7.75	7.75	7.65	7.70	66047496	601804096.00
2014/01/20	7.68	7.71	7.62	7.65	42094792	382309888.00
2014/01/21	7.68	7.84	7.67	7.74	47596032	436604864.00
2014/01/22	7.76	7.96	7.75	7.92	91387277	849733120.00
2014/01/23	7.89	7.92	7.79	7.80	63055407	583623040.00
2014/01/24	7.75	7.90	7.72	7.81	70757205	653717696.00
2014/01/27	7.77	7.78	7.68	7.70	69858649	637844224.00
2014/01/28	7.70	7.87	7.70	7.77	57333618	527187520.00
2014/01/29	7.82	7.89	7.78	7.87	71042825	659122816.00
2014/01/30	7.85	7.88	7.73	7.75	52508927	485399520.00
2014/02/07	7.71	7.76	7.65	7.76	51136921	466080896.00
2014/02/10	7.76	7.88	7.74	7.87	91573113	848138368.00
2014/02/11	7.89	8.26	7.80	8.12	212392409	2017636480.00
2014/02/12	8.08	8.22	8.02	8.08	106449343	1012082688.00
2014/02/13	8.06	8.42	7.99	8.18	197765140	1901282560.00
2014/02/14	8.18	8.21	8.09	8.17	80503230	770860224.00
2014/02/17	8.20	8.24	8.06	8.10	107916285	1029473536.00
2014/02/18	8.09	8.09	7.81	7.84	131972251	1231564416.00
2014/02/19	7.83	8.15	7.78	8.07	150729704	1420983552.00
2014/02/20	8.11	8.31	7.94	7.97	144607391	1379086336.00
2014/02/21	7.97	8.01	7.80	7.87	82312549	765984704.00
2014/02/24	7.78	7.79	7.55	7.59	135269196	1223507840.00
2014/02/25	7.59	7.66	7.39	7.41	112988180	1012070336.00
2014/02/26	7.39	7.47	7.35	7.43	79811062	704799680.00
2014/02/27	7.48	7.61	7.39	7.52	112556009	1005356224.00
2014/02/28	7.48	7.59	7.38	7.49	75427866	671034432.00
2014/03/03	7.49	7.50	7.39	7.43	81389991	720619840.00
2014/03/04	7.42	7.49	7.26	7.45	113473857	994582720.00
2014/03/05	7.44	7.46	7.26	7.28	66776262	585846336.00
2014/03/06	7.28	7.44	7.20	7.38	105221671	920528192.00
2014/03/07	7.38	7.49	7.29	7.31	85996638	757643584.00
2014/03/10	7.25	7.29	7.00	7.02	100335990	859115776.00
2014/03/11	7.01	7.11	6.97	7.04	71119520	600753216.00
2014/03/12	7.05	7.25	6.97	7.14	110468613	942803776.00
2014/03/13	7.34	7.71	7.26	7.42	198115864	1758751744.00
2014/03/14	7.36	7.61	7.30	7.57	179769247	1602451072.00
2014/03/18	7.80	7.81	7.45	7.47	167965350	1523657856.00
2014/03/19	7.43	7.65	7.34	7.63	93838218	832057152.00
2014/03/20	7.54	7.78	7.53	7.57	166058733	1510412544.00
2014/03/21	7.56	8.47	7.55	8.47	577730146	5543459840.00
2014/03/24	8.47	8.59	8.32	8.38	550938112	5438997504.00
2014/03/25	8.34	8.44	8.26	8.33	225324449	2201589760.00
2014/03/26	8.36	8.41	8.09	8.16	188654730	1813592704.00
2014/03/27	8.11	8.52	8.06	8.27	310183453	3020967424.00
2014/03/28	8.22	8.50	8.18	8.25	235609623	2299182848.00
2014/03/31	8.28	8.35	8.15	8.30	117957984	1139701376.00
2014/04/01	8.24	8.42	8.21	8.31	121142230	1177869440.00
2014/04/02	8.33	8.62	8.29	8.52	221487036	2188083712.00
2014/04/03	8.52	8.58	8.22	8.25	202589136	1988726400.00
2014/04/04	8.20	8.33	8.15	8.31	103710191	1003039488.00
2014/04/08	8.29	8.89	8.29	8.72	389948091	3925146624.00
2014/04/09	8.70	8.77	8.61	8.68	166971745	1686236288.00
2014/04/10	8.72	8.99	8.61	8.81	251774137	2565192704.00
2014/04/11	8.76	8.90	8.72	8.83	187981794	1923682560.00
2014/04/14	8.83	8.87	8.67	8.70	133566631	1356868480.00
2014/04/15	8.65	8.66	8.40	8.43	176166147	1746784896.00
2014/04/16	8.40	8.55	8.39	8.48	100765541	997304832.00
2014/04/17	8.51	8.55	8.32	8.34	147878398	1453030912.00
2014/04/18	8.31	8.39	8.21	8.36	115394462	1120720896.00
2014/04/21	8.32	8.54	8.26	8.29	131392321	1292829696.00
2014/04/22	8.26	8.50	8.24	8.48	141231411	1385544320.00
2014/04/23	8.43	8.58	8.41	8.46	136419564	1352733696.00
2014/04/24	8.48	8.56	8.43	8.45	82309479	815388800.00
2014/04/25	8.50	8.64	8.40	8.42	180573527	1794439424.00
2014/04/28	8.40	8.45	8.23	8.25	123425122	1198580992.00
2014/04/29	8.25	8.40	8.23	8.38	88443328	859931392.00
2014/04/30	8.56	8.60	8.34	8.35	142558919	1407065856.00
2014/05/05	8.35	8.37	8.16	8.32	103509079	1001815680.00
2014/05/06	8.28	8.38	8.25	8.28	58797626	572224192.00
2014/05/07	8.27	8.33	8.22	8.24	55972788	542274496.00
2014/05/08	8.24	8.45	8.22	8.33	95225892	930740672.00
2014/05/09	8.33	8.40	8.27	8.34	74829332	731563200.00
2014/05/12	8.43	8.54	8.37	8.51	129589586	1282666112.00
2014/05/13	8.48	8.52	8.41	8.48	66182545	653997056.00
2014/05/14	8.47	8.50	8.36	8.39	114355129	1124734336.00
2014/05/15	8.37	8.41	8.29	8.31	70426925	688077248.00
2014/05/16	8.28	8.38	8.28	8.33	57142230	556664640.00
2014/05/19	8.30	8.30	8.05	8.10	137405978	1314192256.00
2014/05/20	8.14	8.18	8.06	8.13	64057749	610778816.00
2014/05/21	8.10	8.19	7.99	8.18	54298040	517810688.00
2014/05/22	8.17	8.31	8.15	8.18	71688611	692799616.00
2014/05/23	8.19	8.28	8.17	8.28	47057342	454096736.00
2014/05/26	8.34	8.36	8.27	8.32	54108963	526560768.00
2014/05/27	8.31	8.32	8.20	8.24	74436155	720820160.00
2014/05/28	8.24	8.30	8.18	8.26	92478303	892246144.00
2014/05/29	8.26	8.30	8.18	8.20	75258524	726796800.00
2014/05/30	8.20	8.21	8.13	8.15	69096841	662738432.00
2014/06/03	8.17	8.22	8.11	8.12	70641283	677281792.00
2014/06/04	8.13	8.14	7.98	8.03	86246408	816293696.00
2014/06/05	8.03	8.21	8.01	8.20	56500335	538639296.00
2014/06/06	8.18	8.20	8.03	8.09	53426017	509267456.00
2014/06/09	8.04	8.25	8.04	8.12	58231714	557813056.00
2014/06/10	8.17	8.23	8.10	8.21	68256823	655798656.00
2014/06/11	8.17	8.21	8.13	8.17	46334806	444252128.00
2014/06/12	8.15	8.17	8.10	8.12	42917693	410062048.00
2014/06/13	8.13	8.36	8.12	8.31	129624894	1256394752.00
2014/06/16	8.31	8.45	8.27	8.39	118477367	1159724288.00
2014/06/17	8.41	8.41	8.29	8.31	91317081	892676096.00
2014/06/18	8.31	8.35	8.29	8.31	66459996	647470912.00
2014/06/19	8.32	8.39	8.18	8.22	68906460	668029824.00
2014/06/20	8.22	8.29	8.20	8.28	57665733	557096320.00
2014/06/23	8.29	8.35	8.21	8.24	86019554	834638528.00
2014/06/24	8.29	8.33	8.25	8.28	83305537	753572864.00
2014/06/25	8.29	8.29	8.21	8.22	46797781	421074944.00
2014/06/26	8.22	8.28	8.22	8.23	43052470	387941152.00
2014/06/27	8.23	8.26	8.20	8.21	42713239	383829280.00
2014/06/30	8.22	8.32	8.22	8.29	52645089	476195584.00
2014/07/01	8.32	8.34	8.25	8.30	42584500	385288800.00
2014/07/02	8.30	8.33	8.26	8.30	41262790	373724768.00
2014/07/03	8.30	8.33	8.27	8.31	64553232	585009408.00
2014/07/04	8.32	8.33	8.29	8.31	47263941	428330848.00
2014/07/07	8.31	8.32	8.27	8.29	42831405	387738016.00
2014/07/08	8.29	8.30	8.25	8.29	52592964	475316192.00
2014/07/09	8.29	8.29	8.15	8.16	75829647	680803712.00
2014/07/10	8.16	8.19	8.14	8.16	43284795	386256096.00
2014/07/11	8.16	8.23	8.15	8.18	58461216	523490688.00
2014/07/14	8.17	8.25	8.14	8.24	50192334	449273952.00
2014/07/15	8.25	8.26	8.22	8.25	57331618	515793888.00
2014/07/16	8.25	8.29	8.24	8.26	57758013	521218624.00
2014/07/17	8.27	8.28	8.21	8.23	43076122	387416768.00
2014/07/18	8.22	8.29	8.20	8.26	60143570	542519424.00
2014/07/21	8.25	8.26	8.21	8.22	43394538	390236864.00
2014/07/22	8.20	8.34	8.20	8.30	101186449	915202944.00
2014/07/23	8.28	8.38	8.28	8.32	95071892	864070592.00
2014/07/24	8.33	8.62	8.33	8.56	235007435	2179260160.00
2014/07/25	8.62	8.68	8.54	8.63	134460946	1259192320.00
2014/07/28	8.68	9.07	8.68	9.00	315856664	3067199488.00
2014/07/29	9.04	9.12	8.96	9.02	203049428	1989649792.00
2014/07/30	9.13	9.16	8.91	8.95	182728243	1785992192.00
2014/07/31	8.93	9.05	8.90	9.04	113003643	1098506240.00
2014/08/01	9.01	9.20	8.98	9.00	199316283	1966817280.00
2014/08/04	9.06	9.18	8.97	9.16	167001355	1646470400.00
2014/08/05	9.16	9.19	9.04	9.11	116942080	1154644352.00
2014/08/06	9.07	9.07	8.90	8.98	134531042	1309646592.00
2014/08/07	8.99	9.02	8.79	8.80	141244203	1363312768.00
2014/08/08	8.80	8.84	8.74	8.78	120982762	1154961152.00
2014/08/11	8.81	8.97	8.81	8.94	99902317	966146816.00
2014/08/12	8.93	8.94	8.84	8.88	80856190	779243648.00
2014/08/13	8.88	8.92	8.77	8.85	97201687	932751424.00
2014/08/14	8.87	8.92	8.82	8.84	102325664	986409920.00
2014/08/15	8.87	8.94	8.82	8.92	83507836	806096128.00
2014/08/18	8.93	9.05	8.91	8.96	96111663	933999552.00
2014/08/19	9.02	9.02	8.88	8.95	99796164	968114304.00
2014/08/20	8.95	8.95	8.87	8.88	70135543	677452352.00
2014/08/21	8.88	8.89	8.67	8.74	118057183	1123688960.00
2014/08/22	8.74	8.82	8.71	8.78	76885741	733185600.00
2014/08/25	8.76	8.77	8.66	8.68	90596114	856940032.00
2014/08/26	8.67	8.74	8.65	8.70	85213616	804802432.00
2014/08/27	8.69	8.74	8.67	8.69	54628769	516864192.00
2014/08/28	8.69	8.69	8.60	8.60	70289162	661133056.00
2014/08/29	8.64	8.72	8.60	8.71	53881605	507394720.00
2014/09/01	8.73	8.76	8.68	8.73	68578076	650654464.00
2014/09/02	8.75	8.87	8.70	8.84	128705724	1227884288.00
2014/09/03	8.87	8.98	8.86	8.92	128588110	1244849664.00
2014/09/04	8.94	8.96	8.87	8.95	98919202	956753792.00
2014/09/05	8.97	9.02	8.93	8.98	126925907	1234562048.00
2014/09/09	8.99	9.06	8.92	8.94	123866063	1205605760.00
2014/09/10	8.89	8.90	8.81	8.83	111659515	1073076800.00
2014/09/11	8.84	8.97	8.81	8.84	119763193	1152957952.00
2014/09/12	8.85	8.85	8.77	8.84	80296496	768304384.00
2014/09/15	8.80	8.88	8.75	8.84	99444466	950656320.00
2014/09/16	8.89	9.00	8.83	8.86	222751521	2154511872.00
2014/09/17	8.87	8.90	8.77	8.81	116577448	1116528128.00
2014/09/18	8.80	8.99	8.77	8.97	218993865	2119148544.00
2014/09/19	8.96	9.15	8.94	9.09	286004782	2816151296.00
2014/09/22	9.07	9.07	8.85	8.85	155546883	1505934080.00
2014/09/23	8.85	8.93	8.84	8.87	88224150	850252160.00
2014/09/24	8.85	9.03	8.83	9.00	152637326	1480725888.00
2014/09/25	9.03	9.07	8.92	8.95	137216320	1340440576.00
2014/09/26	8.93	8.98	8.88	8.96	80598327	781818048.00
2014/09/29	8.99	9.05	8.96	9.00	121763013	1188241024.00
2014/09/30	9.02	9.04	8.94	8.99	105093276	1023862464.00
2014/10/08	9.02	9.09	8.97	9.08	142724444	1398725120.00
2014/10/09	9.09	9.18	9.05	9.09	130968217	1293022464.00
2014/10/10	9.04	9.15	9.01	9.07	133030186	1308626432.00
2014/10/13	9.03	9.07	8.92	8.97	109831220	1069089792.00
2014/10/14	8.96	9.06	8.93	8.96	84002904	818017664.00
2014/10/15	8.96	9.09	8.88	9.03	133922265	1304901632.00
2014/10/16	8.98	9.28	8.94	9.13	296366859	2936900096.00
2014/10/17	9.12	9.24	8.99	9.09	161019857	1588282368.00
2014/10/20	9.17	9.19	9.06	9.14	114718758	1133473920.00
2014/10/21	9.13	9.15	9.00	9.02	105290636	1034461888.00
2014/10/22	9.03	9.12	8.99	9.02	91092137	893481664.00
2014/10/23	9.02	9.12	8.96	8.99	118416324	1159897472.00
2014/10/24	9.01	9.03	8.90	8.92	108312657	1054022656.00
2014/10/27	8.86	8.87	8.64	8.71	138929487	1323460352.00
2014/10/28	8.74	8.85	8.74	8.83	101044054	965189376.00
2014/10/29	8.85	8.99	8.81	8.94	161050635	1555123968.00
2014/10/30	8.96	9.09	8.89	9.05	176780522	1722710656.00
2014/10/31	9.12	9.62	9.09	9.44	491064711	4953082880.00
2014/11/03	9.49	9.52	9.34	9.40	248371619	2525984256.00
2014/11/04	9.44	9.44	9.26	9.31	163212641	1645394560.00
2014/11/05	9.32	9.35	9.20	9.23	157561422	1578932480.00
2014/11/06	9.25	9.28	9.19	9.27	101863094	1018619328.00
2014/11/07	9.25	9.63	9.22	9.42	407114119	4155058176.00
2014/11/10	9.77	10.05	9.66	9.79	489376864	5168943616.00
2014/11/11	9.86	10.50	9.86	10.16	653738973	7163875328.00
2014/11/12	10.09	10.31	9.98	10.29	271038574	2961655296.00
2014/11/13	10.34	10.62	10.10	10.18	371263986	4115769344.00
2014/11/14	10.12	10.22	9.99	10.14	198414346	2154897408.00
2014/11/17	10.18	10.32	9.97	9.99	214519835	2329015808.00
2014/11/18	9.99	10.04	9.67	9.69	254900899	2687326976.00
2014/11/19	9.67	9.78	9.63	9.71	145326646	1518565376.00
2014/11/20	9.69	9.90	9.61	9.81	162402495	1709647488.00
2014/11/21	9.82	10.06	9.70	10.03	209997641	2234174976.00
2014/11/24	9.81	10.23	9.69	10.10	474049927	5090821632.00
2014/11/25	10.05	10.33	9.99	10.32	289490093	3159162368.00
2014/11/26	10.49	10.67	10.34	10.56	452263345	5092828672.00
2014/11/27	10.72	10.96	10.52	10.72	439738276	5062406656.00
2014/11/28	10.77	11.72	10.72	11.64	832183256	9950390272.00
2014/12/01	11.69	12.22	11.36	11.40	607270363	7590567424.00
2014/12/02	11.27	12.32	11.27	12.11	589371031	7404591104.00
2014/12/03	12.08	12.53	11.56	11.82	730561448	9380076544.00
2014/12/04	11.82	12.54	11.61	12.51	720041669	9307945984.00
2014/12/05	12.66	13.24	12.14	12.77	859647616	11553890304.00
2014/12/08	12.63	13.28	12.44	13.05	703922500	9622363136.00
2014/12/09	12.80	13.40	11.70	11.89	869193775	11788051456.00
2014/12/10	11.94	12.49	11.45	12.40	620272395	7901267968.00
2014/12/11	12.20	12.79	12.09	12.29	442571181	5847503360.00
2014/12/12	12.29	12.62	12.02	12.22	310558743	4067040256.00
2014/12/15	12.04	12.06	11.70	12.00	335025414	4232421888.00
2014/12/16	11.94	12.54	11.89	12.53	438688005	5706439680.00
2014/12/17	12.73	13.63	12.57	13.35	869703585	12037657600.00
2014/12/18	13.46	13.58	12.95	13.13	499627853	7010663936.00
2014/12/19	13.20	13.44	12.87	13.33	436244208	6099396096.00
2014/12/22	13.42	14.44	13.38	13.92	683449513	10043569152.00
2014/12/23	13.64	14.22	13.32	13.35	441578783	6398625280.00
2014/12/24	13.35	13.44	12.55	12.70	417579539	5715187712.00
2014/12/25	12.99	13.51	12.77	13.49	455721907	6359588352.00
2014/12/26	13.54	14.08	13.43	14.01	466983121	6790353408.00
2014/12/29	14.64	15.12	13.95	14.19	625216146	9556435968.00
2014/12/30	14.19	14.74	14.07	14.60	443655559	6774519296.00
2014/12/31	14.69	15.03	14.35	14.93	468832339	7271524864.00
2015/01/05	15.12	15.49	14.80	15.31	513568709	8182820864.00
2015/01/06	15.24	15.92	15.06	15.37	511684535	8311085056.00
2015/01/07	15.14	15.41	14.77	15.05	385716820	6114241024.00
2015/01/08	15.11	15.12	14.44	14.49	330627172	5101310464.00
2015/01/09	14.44	15.49	14.35	14.67	491999937	7692348416.00
2015/01/12	14.74	14.95	14.19	14.46	367787269	5625726976.00
2015/01/13	14.37	14.65	14.34	14.42	178404956	2712026624.00
2015/01/14	14.55	15.03	14.55	14.73	309018855	4812472320.00
2015/01/15	14.73	15.39	14.63	15.36	329826849	5216166912.00
2015/01/16	15.48	15.99	15.40	15.71	480245887	7938758144.00
2015/01/19	14.62	14.97	14.06	14.06	623520880	9496942592.00
2015/01/20	14.12	14.41	13.82	14.24	479215741	7142638592.00
2015/01/21	14.34	15.11	14.05	14.98	487540369	7489943040.00
2015/01/22	14.97	15.00	14.59	14.87	294738261	4592023040.00
2015/01/23	14.98	15.28	14.78	14.87	320042992	5044685824.00
2015/01/26	14.80	14.83	14.37	14.67	268566922	4122351616.00
2015/01/27	14.68	14.68	13.99	14.25	351914010	5286301696.00
2015/01/28	14.06	14.35	13.90	14.05	242203054	3592645120.00
2015/01/29	13.82	13.92	13.56	13.66	266968083	3864614144.00
2015/01/30	13.82	13.93	13.60	13.71	207865327	3021747712.00
2015/02/02	13.30	13.50	13.23	13.28	211617677	2989272576.00
2015/02/03	13.45	13.70	13.26	13.69	196263569	2792706816.00
2015/02/04	13.74	13.83	13.36	13.42	167896219	2421384704.00
2015/02/05	13.99	14.04	13.41	13.42	394332692	5742890496.00
2015/02/06	13.33	13.56	13.19	13.33	186547522	2637144064.00
2015/02/09	13.30	13.51	13.09	13.40	224585511	3155932160.00
2015/02/10	13.39	13.72	13.32	13.67	183693513	2629916416.00
2015/02/11	13.67	13.78	13.55	13.66	124127097	1789572992.00
2015/02/12	13.66	13.67	13.35	13.59	148954152	2121808256.00
2015/02/13	13.74	13.91	13.59	13.67	208366810	3023274240.00
2015/02/16	13.67	13.70	13.50	13.64	139220024	1995677440.00
2015/02/17	13.66	13.82	13.65	13.71	120665263	1747213056.00
2015/02/25	13.72	13.74	13.42	13.52	140932583	2025174400.00
2015/02/26	13.49	13.92	13.35	13.86	215013978	3104052224.00
2015/02/27	13.84	14.04	13.72	13.77	195606870	2861206528.00
2015/03/02	13.82	13.82	13.60	13.72	218763276	3159377664.00
2015/03/03	13.68	13.68	13.22	13.24	266372415	3766071296.00
2015/03/04	13.29	13.31	13.09	13.15	156595995	2183814656.00
2015/03/05	13.08	13.08	12.75	12.82	226504580	3090569728.00
2015/03/06	12.82	13.02	12.78	12.87	128036367	1750570368.00
2015/03/09	13.05	13.94	12.85	13.75	434801476	6170955264.00
2015/03/10	13.56	13.61	13.31	13.34	254844764	3623305472.00
2015/03/11	13.41	13.80	13.41	13.49	215069722	3087509504.00
2015/03/12	13.89	14.80	13.82	14.36	632781877	9512030208.00
2015/03/13	14.43	15.04	14.32	14.53	440178379	6789040640.00
2015/03/16	14.80	14.85	14.44	14.71	316116667	4867224576.00
2015/03/17	14.84	14.92	14.60	14.78	309677645	4797833728.00
2015/03/18	14.81	15.12	14.67	15.12	354655138	5558613504.00
2015/03/19	15.12	15.13	14.82	14.88	316770912	4978776064.00
2015/03/20	14.86	15.33	14.61	14.99	456531222	7180731392.00
2015/03/23	15.06	15.28	15.01	15.15	357592740	5692416000.00
2015/03/24	15.13	15.24	14.84	14.93	324657542	5114146816.00
2015/03/25	14.84	14.96	14.39	14.48	331730332	5108990976.00
2015/03/26	14.39	14.82	14.28	14.60	282340713	4326755840.00
2015/03/27	14.56	14.79	14.41	14.60	218174978	3350088448.00
2015/03/30	14.79	15.44	14.68	15.26	487442660	7735007744.00
2015/03/31	15.72	15.82	14.98	15.03	494049254	7990395392.00
2015/04/01	15.03	15.38	14.99	15.19	305878383	4868332032.00
2015/04/02	15.54	15.62	15.11	15.42	410087652	6611462144.00
2015/04/03	15.24	15.53	15.17	15.44	320361507	5171218944.00
2015/04/07	15.74	16.11	15.69	15.95	502260203	8372655104.00
2015/04/08	15.97	16.28	15.69	16.26	514816375	8633478144.00
2015/04/09	16.29	16.72	16.04	16.11	497335458	8497436160.00
2015/04/10	16.10	16.81	16.00	16.77	451543445	7772119552.00
2015/04/13	17.23	17.72	16.86	17.27	581406595	10470524928.00
2015/04/14	17.27	17.28	16.80	17.13	372837061	6640484864.00
2015/04/15	17.04	17.69	16.95	17.20	449643905	8170773504.00
2015/04/16	17.21	17.91	17.09	17.89	415984573	7577393152.00
2015/04/17	18.19	18.29	17.71	17.84	490159321	9167363072.00
2015/04/20	17.96	17.96	16.84	17.14	572435809	10446728192.00
2015/04/21	16.99	17.43	16.99	17.40	368194681	6615540736.00
2015/04/22	17.54	17.79	17.32	17.74	420766743	7712130560.00
2015/04/23	17.74	17.88	17.35	17.46	363593631	6675542016.00
2015/04/24	17.04	17.27	16.70	16.92	422927109	7509013504.00
2015/04/27	16.96	17.49	16.96	17.41	384541412	6942247936.00
2015/04/28	17.48	18.24	17.24	17.54	600053990	11100684288.00
2015/04/29	17.51	17.90	17.30	17.77	358393731	6591915008.00
2015/04/30	17.52	17.70	17.29	17.31	412760522	7523663360.00
2015/05/04	17.24	17.24	16.84	17.05	258064565	4597699072.00
2015/05/05	16.97	16.99	16.09	16.32	375386437	6483575808.00
2015/05/06	16.32	16.75	16.21	16.30	303607877	5225100288.00
2015/05/07	16.27	16.52	16.22	16.31	214390703	3674226176.00
2015/05/08	16.43	16.54	16.06	16.35	184560000	3151167744.00
2015/05/11	16.22	16.55	16.03	16.51	277153427	4711900672.00
2015/05/12	16.49	16.64	16.28	16.48	219176341	3768388864.00
2015/05/13	16.57	16.63	16.14	16.31	245244498	4198950144.00
2015/05/14	16.34	16.49	16.18	16.23	192361949	3283133184.00
2015/05/15	16.15	16.31	15.83	16.02	209597267	3526291456.00
2015/05/18	15.86	16.00	15.58	15.62	187555204	3106379520.00
2015/05/19	15.61	16.33	15.59	16.28	242251271	4080429312.00
2015/05/20	16.28	16.73	16.21	16.39	265675717	4567803904.00
2015/05/21	16.49	16.64	16.34	16.56	166403483	2873100288.00
2015/05/22	16.70	17.03	16.58	17.00	248087543	4379120128.00
2015/05/25	17.09	17.42	17.08	17.38	273874763	4942206976.00
2015/05/26	17.46	17.69	17.15	17.63	301665297	5504873472.00
2015/05/27	17.68	17.89	17.29	17.31	296942307	5444651008.00
2015/05/28	17.34	17.38	16.25	16.28	334032210	5908534784.00
2015/05/29	16.32	16.59	15.95	16.28	256087315	4370819072.00
2015/06/01	16.28	17.32	16.10	17.17	286379255	5015007232.00
2015/06/02	17.17	17.21	16.74	17.08	224935535	4001574400.00
2015/06/03	17.13	17.29	16.78	17.14	244139688	4338757632.00
2015/06/04	17.24	18.04	16.82	17.87	471864928	8635099136.00
2015/06/05	18.24	18.41	17.26	17.67	362420155	6742854144.00
2015/06/17	17.73	18.22	17.19	17.44	513118652	9419105280.00
2015/06/18	17.33	17.49	16.88	16.96	278296731	4980064768.00
2015/06/19	16.82	17.19	16.08	16.31	278090221	4894778880.00
2015/06/23	16.45	17.09	16.24	17.02	297748888	4966949376.00
2015/06/24	17.03	17.30	16.58	17.25	257825317	4364353024.00
2015/06/25	17.60	17.74	16.65	16.71	271649032	4704733184.00
2015/06/26	16.43	17.08	15.33	15.85	361776730	5893832704.00
2015/06/29	16.30	16.53	14.81	15.91	420675691	6723070976.00
2015/06/30	15.93	16.98	15.91	16.96	375411270	6204981760.00
2015/07/01	16.81	16.93	16.20	16.32	250555997	4180149248.00
2015/07/02	16.50	16.83	15.81	16.37	322264859	5297602560.00
2015/07/03	16.39	16.64	15.10	15.87	312701072	5041249792.00
2015/07/06	17.40	17.46	16.63	17.22	659421895	11195523072.00
2015/07/07	16.94	17.82	16.46	17.57	713763502	12379047936.00
2015/07/08	16.20	17.50	15.81	15.95	837950419	13833635840.00
2015/07/09	15.95	17.40	15.38	16.95	545237273	8927542272.00
2015/07/10	16.76	18.15	16.65	17.28	647768569	11376343040.00
2015/07/13	16.99	17.48	16.81	17.04	372594650	6364720128.00
2015/07/14	16.78	16.98	16.36	16.75	305725800	5111292928.00
2015/07/15	16.70	17.13	16.51	17.07	348253550	5845359104.00
2015/07/16	17.07	17.12	16.71	16.96	181402598	3069471232.00
2015/07/17	17.03	17.19	16.88	17.02	195927578	3336786176.00
2015/07/20	17.00	17.03	16.65	16.68	172918155	2908824576.00
2015/07/21	16.58	16.72	16.30	16.38	156268261	2572676352.00
2015/07/22	16.33	16.38	16.15	16.16	120352700	1956978816.00
2015/07/23	16.24	16.51	16.18	16.43	114525468	1878869120.00
2015/07/24	16.43	16.49	16.13	16.14	123609179	2016987520.00
2015/07/27	16.00	16.10	14.84	14.91	225091581	3515372544.00
2015/07/28	14.68	15.40	14.62	15.24	246095094	3717225984.00
2015/07/29	15.22	15.30	15.12	15.29	135858697	2063868160.00
2015/07/30	15.29	15.36	14.88	14.90	118921723	1807407744.00
2015/07/31	14.97	15.16	14.65	15.07	234941266	3516273920.00
2015/08/03	14.99	15.60	14.86	15.55	212367132	3246435584.00
2015/08/04	15.48	15.67	15.38	15.62	85154364	1320993024.00
2015/08/05	15.60	15.64	15.27	15.31	58185882	899150912.00
2015/08/06	15.16	15.57	15.14	15.38	65377995	1007550208.00
2015/08/07	15.58	15.64	15.39	15.47	65302258	1014250624.00
2015/08/10	15.45	15.86	15.35	15.78	116938205	1823777024.00
2015/08/11	15.70	15.75	15.51	15.57	105104123	1642256896.00
2015/08/12	15.40	15.60	15.38	15.39	79184358	1225370368.00
2015/08/13	15.47	15.56	15.29	15.45	74034209	1141661440.00
2015/08/14	15.47	15.54	15.37	15.49	66356010	1025758720.00
2015/08/17	15.41	15.41	15.22	15.32	120892083	1851641728.00
2015/08/18	15.35	15.52	14.83	14.87	198445221	3032249600.00
2015/08/19	14.87	15.17	14.50	15.00	199062097	2952584704.00
2015/08/20	14.94	14.99	14.66	14.68	88124782	1309322496.00
2015/08/21	14.61	14.74	14.20	14.22	123792817	1794884608.00
2015/08/24	13.93	13.95	12.80	12.87	334859429	4407389696.00
2015/08/25	12.54	13.08	11.91	12.39	289470686	3659079680.00
2015/08/26	12.65	13.35	12.40	13.02	235214588	3028238592.00
2015/08/27	13.16	14.09	12.98	13.98	212008806	2835655168.00
2015/08/28	14.10	14.32	13.85	14.24	208950955	2942159360.00
2015/08/31	14.20	14.98	13.96	14.96	202628515	2902670592.00
2015/09/01	14.66	15.34	14.41	15.33	304904688	4572547072.00
2015/09/02	14.90	15.37	14.72	14.89	255045273	3831534848.00
2015/09/07	14.73	15.01	14.16	14.50	287948628	4206785536.00
2015/09/08	14.52	15.16	14.22	15.06	330814193	4893450752.00
2015/09/09	14.91	15.27	14.91	15.16	241917533	3653652224.00
2015/09/10	15.06	15.27	14.96	15.25	205749026	3113081088.00
2015/09/11	15.35	15.66	15.30	15.56	288708558	4469128192.00
2015/09/14	15.50	15.95	14.93	15.93	183936607	2836987904.00
2015/09/15	15.53	15.55	15.24	15.46	107602458	1658227584.00
2015/09/16	15.31	15.80	15.03	15.43	74128982	1135218688.00
2015/09/17	15.34	15.46	15.10	15.11	50848655	778452736.00
2015/09/18	15.16	15.29	15.02	15.03	40899248	619915776.00
2015/09/21	14.96	15.08	14.84	14.97	40488316	604841984.00
2015/09/22	14.97	15.23	14.97	15.05	38673835	584644928.00
2015/09/23	14.91	15.00	14.68	14.95	54580634	810914240.00
2015/09/24	14.95	15.30	14.87	15.27	78862572	1192962816.00
2015/09/25	15.15	15.62	15.15	15.59	136070895	2096781824.00
2015/09/28	15.55	15.96	15.42	15.92	91425816	1436492544.00
2015/09/29	15.79	15.99	15.67	15.97	114190253	1807681536.00
2015/09/30	15.95	16.65	15.90	16.63	211038123	3452096768.00
2015/10/08	16.80	16.80	15.83	15.87	140057148	2277284608.00
2015/10/09	15.97	16.15	15.85	15.90	41525835	663144768.00
2015/10/12	15.90	16.25	15.73	16.06	93633300	1497165824.00
2015/10/13	15.98	16.11	15.85	15.97	54698799	873290880.00
2015/10/14	15.81	16.09	15.81	15.90	44297812	706211840.00
2015/10/26	16.03	16.57	16.03	16.28	101041055	1648964992.00
2015/10/27	16.23	16.45	16.15	16.32	74933996	1223267200.00
2015/10/28	16.26	16.54	16.09	16.31	74226285	1217460736.00
2015/10/29	16.30	16.63	16.23	16.59	75760565	1251114496.00
2015/10/30	16.50	16.68	16.38	16.39	45465414	750144832.00
2015/11/02	16.30	16.52	16.22	16.41	38122791	625014464.00
2015/11/03	16.40	16.77	16.37	16.46	60485065	1005503936.00
2015/11/04	16.43	16.92	16.43	16.84	65053992	1086409856.00
2015/11/05	16.85	18.07	16.75	17.71	231799691	4077390336.00
2015/11/06	17.52	18.18	17.51	17.88	127594225	2277276160.00
2015/11/09	17.92	19.19	17.88	18.15	157820058	2925510400.00
2015/11/10	18.00	18.69	17.82	18.37	140427138	2575229696.00
2015/11/11	18.41	18.49	17.50	17.73	92130221	1643831040.00
2015/11/12	17.80	17.83	17.15	17.36	77790159	1353612928.00
2015/11/13	17.20	17.60	17.15	17.58	73433156	1283306240.00
2015/11/16	17.34	17.58	17.20	17.42	45144666	785563840.00
2015/11/17	17.46	17.81	17.42	17.44	63539278	1119712512.00
2015/11/18	17.47	17.68	17.24	17.39	57584578	1003785408.00
2015/11/19	17.30	17.99	17.30	17.90	102543449	1821483136.00
2015/11/20	17.81	18.63	17.78	18.47	148206210	2733449216.00
2015/11/23	18.51	19.13	18.44	19.06	171203791	3235638528.00
2015/11/24	18.90	19.12	18.59	19.05	129389144	2437634560.00
2015/11/25	18.90	19.68	18.44	19.67	326524776	6295983616.00
2015/11/26	19.50	19.70	19.20	19.37	214944239	4187889920.00
2015/11/27	19.16	19.42	18.40	18.53	105608733	1999981184.00
2015/11/30	18.44	18.81	17.60	18.65	97633827	1779188224.00
2015/12/01	18.35	19.00	18.08	18.66	63430576	1179526400.00
2015/12/02	18.51	20.00	18.48	19.85	153608076	2972239104.00
2015/12/03	19.70	19.77	19.22	19.25	110346329	2147607040.00
2015/12/04	19.27	19.27	18.69	18.71	70275848	1331588224.00
2015/12/07	18.71	19.50	18.71	19.45	83346816	1592198400.00
2015/12/08	19.28	20.12	18.81	20.10	239884949	4764109312.00
2015/12/09	19.58	19.58	19.11	19.23	92049465	1776578432.00
2015/12/10	19.34	19.88	19.11	19.27	57091310	1108934528.00
2015/12/11	19.01	19.22	18.43	18.60	87066826	1630390272.00
2015/12/14	18.31	18.63	18.03	18.45	70736958	1290712960.00
2015/12/15	18.44	18.82	18.17	18.31	51685772	950672896.00
2015/12/16	18.36	18.45	18.11	18.18	38700640	705621184.00
2015/12/17	18.26	18.61	18.20	18.49	53304071	983362560.00
2015/12/18	18.49	19.80	18.43	18.81	92211924	1753311872.00
2015/12/21	18.79	19.40	18.54	19.14	82490082	1567681280.00
2015/12/22	19.01	19.29	18.77	18.90	53122744	1006796480.00
2015/12/23	18.91	19.13	18.61	18.88	66128171	1249610496.00
2015/12/24	18.85	19.14	18.67	19.04	57171554	1083459072.00
2015/12/25	19.02	19.48	18.93	19.32	55427897	1069153856.00
2015/12/28	19.37	19.43	18.62	18.70	49980698	945164672.00
2015/12/29	18.63	18.92	18.39	18.74	47288465	883333888.00
2015/12/30	18.71	18.78	18.31	18.57	35687385	660326976.00
2015/12/31	18.52	18.52	18.26	18.27	27936138	513758880.00
2016/01/04	18.28	18.28	17.55	17.80	42240610	754425792.00
2016/01/05	17.51	18.06	17.40	17.96	58054793	1034181504.00
2016/01/06	17.90	18.14	17.69	18.10	46772653	838667392.00
2016/01/07	17.80	17.90	17.40	17.51	11350479	199502704.00
2016/01/08	17.74	17.88	16.91	17.49	71918296	1262105088.00
2016/01/11	17.21	17.45	16.96	17.05	90177135	1550155904.00
2016/01/12	17.17	17.52	17.08	17.45	55374454	964061504.00
2016/01/13	17.57	17.90	17.35	17.39	47869312	843717376.00
2016/01/14	17.00	17.99	16.89	17.92	54838833	966117824.00
2016/01/15	17.80	18.15	17.52	17.58	46723139	836146432.00
2016/01/18	17.43	17.99	17.32	17.68	32729006	583291584.00
2016/01/19	17.78	17.88	17.50	17.77	29807159	527753184.00
2016/01/20	17.61	17.70	17.08	17.25	35968636	623546944.00
2016/01/21	17.22	17.46	16.50	16.58	34197115	582845504.00
2016/01/22	16.84	17.11	16.49	17.02	42007318	708179264.00
2016/01/25	17.00	17.17	16.72	17.03	23558971	400445056.00
2016/01/26	16.96	17.14	16.40	16.66	38279766	643611776.00
2016/01/27	16.75	16.98	16.51	16.68	44291307	742640768.00
2016/01/28	16.76	16.82	15.88	16.58	38902180	643984192.00
2016/01/29	16.52	17.05	16.41	16.90	47429000	799493376.00
2016/02/01	16.99	17.00	16.41	16.50	29139596	485275136.00
2016/02/02	16.50	16.94	16.46	16.76	25380981	425396896.00
2016/02/03	16.60	16.66	16.45	16.61	27779183	459255616.00
2016/02/04	16.84	17.32	16.63	17.30	47162860	799283776.00
2016/02/05	17.24	18.39	17.15	18.38	78413454	1401156096.00
2016/02/15	17.98	18.48	17.80	18.45	67296317	1221398400.00
2016/03/11	17.51	17.53	16.61	16.97	98240322	1657158656.00
2016/03/14	16.88	17.47	16.82	16.86	56922239	973317376.00
2016/03/15	16.95	17.19	16.81	17.02	37540932	638223040.00
2016/03/16	16.92	18.07	16.91	18.03	108404378	1924212608.00
2016/03/17	17.81	18.19	17.45	17.70	68635812	1219236352.00
2016/03/18	17.79	18.00	17.65	17.84	55987968	996332608.00
2016/03/21	17.78	18.25	17.78	18.06	42001532	756966784.00
2016/03/22	18.09	18.63	18.02	18.15	43760811	800814912.00
2016/03/23	18.16	18.35	18.06	18.13	27830795	506023200.00
2016/03/24	18.11	18.11	17.68	17.72	27448272	488313664.00
2016/03/25	17.72	17.87	17.68	17.74	13619185	241971872.00
2016/03/28	17.78	18.00	17.37	17.45	24521696	433449216.00
2016/03/29	17.53	17.66	17.37	17.45	19151152	335806208.00
2016/03/30	17.65	17.95	17.65	17.87	35562148	634175232.00
2016/03/31	17.98	18.08	17.72	17.93	23762112	425380416.00
2016/04/01	17.98	18.25	17.61	18.18	35790541	643979456.00
2016/04/05	17.94	18.29	17.76	18.17	42622297	768010112.00
2016/04/06	18.03	18.14	17.87	17.96	23428724	421234848.00
2016/04/07	17.95	18.00	17.63	17.69	29047713	516129856.00
2016/04/08	17.56	17.76	17.53	17.60	17132244	301704512.00
2016/04/11	17.60	17.82	17.55	17.67	24117635	426862400.00
2016/04/12	17.69	17.70	17.53	17.62	14100759	248002288.00
2016/04/13	17.73	17.99	17.69	17.74	35189716	627667712.00
2016/04/14	17.90	18.01	17.75	17.80	15796208	281977248.00
2016/04/15	17.95	18.06	17.80	17.89	34773526	623836224.00
2016/04/18	17.75	18.03	17.66	17.81	28084133	501790688.00
2016/04/19	17.95	17.98	17.78	17.90	27246371	487095904.00
2016/04/20	17.89	17.99	17.31	17.96	46614611	825437824.00
2016/04/21	17.82	18.35	17.75	18.12	48212915	872382592.00
2016/04/22	18.00	18.36	17.94	18.24	28178162	513194656.00
2016/04/25	18.15	18.16	17.82	17.88	24294360	435467872.00
2016/04/26	17.87	18.08	17.75	17.92	15739400	281501376.00
2016/04/27	17.97	17.97	17.80	17.86	13838875	247622912.00
2016/04/28	17.93	18.10	17.83	17.90	15728417	282201344.00
2016/04/29	17.83	17.94	17.75	17.83	23065933	412460992.00
2016/05/03	17.95	18.24	17.83	18.12	27776723	501830144.00
2016/05/04	18.06	18.23	18.02	18.08	23118959	418592992.00
2016/05/05	18.06	18.12	17.98	18.06	14936632	269576064.00
2016/05/06	18.07	18.10	17.71	17.73	23406763	418454816.00
2016/05/09	17.71	17.80	17.40	17.51	21947591	386423424.00
2016/05/10	17.38	17.56	17.38	17.48	16846648	294675488.00
2016/05/11	17.55	17.57	17.40	17.45	11941164	208655792.00
2016/05/12	17.43	17.50	17.20	17.41	14668954	254410736.00
2016/05/13	17.37	17.46	17.22	17.24	11013829	190929408.00
2016/05/16	17.23	17.35	17.21	17.29	11045624	190872656.00
2016/05/17	17.29	17.34	17.16	17.25	9765153	168387280.00
2016/05/18	17.25	17.62	17.02	17.56	30962453	536935488.00
2016/05/19	17.44	17.49	17.33	17.35	10380826	180686336.00
2016/05/20	17.31	17.50	17.27	17.45	11140621	194223008.00
2016/05/23	17.50	17.68	17.44	17.55	14080659	247441296.00
2016/05/24	17.48	17.60	17.43	17.55	10725938	187905440.00
2016/05/25	17.68	17.73	17.60	17.67	13766238	243549456.00
2016/05/26	17.65	17.86	17.65	17.70	11065062	196266944.00
2016/05/27	17.69	17.77	17.63	17.74	11621242	205801168.00
2016/05/30	17.84	17.97	17.68	17.95	17538184	313324800.00
2016/05/31	17.93	18.40	17.92	18.29	35631526	650177344.00
2016/06/01	18.30	18.35	18.13	18.19	18312424	333790688.00
2016/06/02	18.20	18.30	17.93	18.02	17786525	321768768.00
